palencia

jev2tfjpi5aain67h1g3771gd8

1: (0.0, 0.0), (4.0, 0.0), (4.0, 10.0), (0.0, 10.0); (4.0, 0.0), (8.0, 0.0), (8.0, 10.0), (4.0, 10.0); (8.0, 0.0), (10.0, 0.0), (10.0, 2.0), (8.0, 2.0); (8.0, 2.0), (10.0, 2.0), (10.0, 4.0), (8.0, 4.0); (8.0, 4.0), (10.0, 4.0), (10.0, 6.0), (8.0, 6.0); (8,8), (10,8), (10,10), (8,10)

2: (0.0, 0.0), (6.0, 0.0), (3.0, 6.0)

3: (1.9625557780575855,2.0413133377137465), (2.9625557780575855,2.0413133377137465), (2.9625557780575855,3.0413133377137465), (1.9625557780575855,3.0413133377137465); (0.6984511616273954,1.0496530746124866), (1.6984511616273954,1.0496530746124866), (1.6984511616273954,2.0496530746124866), (0.6984511616273954,2.0496530746124866); (-0.03716036923382404,2.3582371361430607), (0.962839630766176,2.3582371361430607), (0.962839630766176,3.3582371361430607), (-0.03716036923382404,3.3582371361430607); (3.7631160528910534,0.5457808369494088), (4.763116052891053,0.5457808369494088), (4.763116052891053,1.5457808369494088), (3.7631160528910534,1.5457808369494088); (0.8214425765392823,5.356294782421806), (1.3214425765392823,5.356294782421806), (1.3214425765392823,5.856294782421806), (0.8214425765392823,5.856294782421806); (3.9404751005743766,2.1007618670550694), (4.9404751005743766,2.1007618670550694), (4.9404751005743766,3.1007618670550694), (3.9404751005743766,3.1007618670550694); (4.369253201321184,3.678215380380785), (4.869253201321184,3.678215380380785), (4.869253201321184,4.178215380380784), (4.369253201321184,4.178215380380784); (0.04710054253980189,4.3239238634075), (1.047100542539802,4.3239238634075), (1.047100542539802,5.3239238634075), (0.04710054253980189,5.3239238634075); (3.8863294013808645,4.968247335824046), (4.8863294013808645,4.968247335824046), (4.8863294013808645,5.968247335824046), (3.8863294013808645,5.968247335824046); (-1.3056482908581177,2.6226685564860324), (-0.30564829085811773,2.6226685564860324), (-0.30564829085811773,3.6226685564860324), (-1.3056482908581177,3.6226685564860324); (2.2838021533463344,3.3540632553112415), (2.7838021533463344,3.3540632553112415), (2.7838021533463344,3.8540632553112415), (2.2838021533463344,3.8540632553112415); (3.3310404550906894,3.445142477296131), (4.331040455090689,3.445142477296131), (4.331040455090689,4.445142477296131), (3.3310404550906894,4.445142477296131); (1.7907026974562434,1.3753237937698182), (2.2907026974562434,1.3753237937698182), (2.2907026974562434,1.8753237937698182), (1.7907026974562434,1.8753237937698182); (4.390292640135686,4.344066957173962), (4.890292640135686,4.344066957173962), (4.890292640135686,4.844066957173962), (4.390292640135686,4.844066957173962); (4.942617180023611,2.1761704913034157), (5.442617180023611,2.1761704913034157), (5.442617180023611,2.6761704913034157), (4.942617180023611,2.6761704913034157); (2.930838507545481,1.0268735411225325), (3.430838507545481,1.0268735411225325), (3.430838507545481,1.5268735411225325), (2.930838507545481,1.5268735411225325); (-0.06526384760465831,1.731108003607721), (0.4347361523953417,1.731108003607721), (0.4347361523953418,2.231108003607721), (-0.06526384760465831,2.231108003607721); (2.2179385709928194,0.864833850659704), (2.7179385709928194,0.864833850659704), (2.7179385709928194,1.364833850659704), (2.2179385709928194,1.364833850659704); (2.6978957322769643,0.15290393104900146), (3.1978957322769643,0.15290393104900146), (3.1978957322769643,0.6529039310490015), (2.6978957322769643,0.6529039310490015); (1.3361743919699682,5.363964516493481), (1.8361743919699682,5.363964516493481), (1.8361743919699682,5.863964516493481), (1.3361743919699682,5.863964516493481); (3.0692012599073237,1.6435637233557356), (3.5692012599073237,1.6435637233557356), (3.5692012599073237,2.1435637233557356), (3.0692012599073237,2.1435637233557356); (0.6583474850356286,0.4324202439985525), (1.1583474850356286,0.4324202439985525), (1.1583474850356286,0.9324202439985525), (0.6583474850356286,0.9324202439985525); (0.23026748998407065,5.414019235029874), (0.7302674899840707,5.414019235029874), (0.7302674899840708,5.914019235029874), (0.23026748998407065,5.914019235029874)

4: (-0.6037774546126883,0.5877614570752889), (-0.3098848284664517,0.5877614570752889), (-0.3098848284664517,0.8816540832215255), (-0.6037774546126883,0.8816540832215255); (-0.19380942635192677,1.1389565068005147), (0.1000831997943098,1.1389565068005147), (0.1000831997943098,1.4328491329467514), (-0.19380942635192677,1.4328491329467514); (0.1637661008316722,1.0471670680428395), (0.45765872697790877,1.0471670680428395), (0.45765872697790877,1.341059694189076), (0.1637661008316722,1.341059694189076); (-0.7164704936670319,0.9348843521238104), (-0.4225778675207953,0.9348843521238104), (-0.4225778675207953,1.228776978270047), (-0.7164704936670319,1.228776978270047); (-0.1755868280255587,0.5897244111519191), (0.11830579812067787,0.5897244111519191), (0.11830579812067787,0.8836170372981557), (-0.1755868280255587,0.8836170372981557); (-0.45102312986706317,1.4395825559588267), (-0.1571305037208266,1.4395825559588267), (-0.1571305037208266,1.7334751821050631), (-0.45102312986706317,1.7334751821050631); (0.10960187399418864,1.3704771366944264), (0.4034945001404252,1.3704771366944264), (0.4034945001404252,1.6643697628406628), (0.10960187399418864,1.6643697628406628); (-0.11490926558370584,0.26340679720275006), (0.17898336056253072,0.26340679720275006), (0.17898336056253072,0.5572994233489866), (-0.11490926558370584,0.5572994233489866); (0.20658840576945692,0.5111877560695202), (0.5004810319156935,0.5111877560695202), (0.5004810319156935,0.8050803822157567), (0.20658840576945692,0.8050803822157567)



6:(-0.7466679221454862,-0.5982030098863774), (-1.3310024498463684,-0.24258485301213883), (-1.6866206067206069,-0.8269193807130208), (-1.1022860790197249,-1.1825375375872595); (-0.5442211132668242,-0.6930067522222365), (-0.005758708110176203,-0.2711426129605995), (-0.4276228473718131,0.2673197921960485), (-0.9660852525284611,-0.1545443470655885); (-0.5814527365447417,-1.2349765116434437), (-0.7458788222153583,-0.9350734593222809), (-1.0457818745365208,-1.0994995449928975), (-0.8813557888659045,-1.3994025973140602)

5: (-0.2906200585348575,0.8934470649082762), (0.5157967824531451,0.5729595068760442), (0.836284340485377,1.3793763478640466), (0.029867499497374717,1.6998639058962788); (1.3210034573419551,0.9549089131620974), (0.9097435565089322,1.0931854225100173), (0.7714670471610124,0.6819255216769943), (1.1827269479940352,0.5436490123290745)

7: (0.1585636728077222,0.4175009738659339), (0.3154723109865753,0.6233333750389233), (0.10963990981358598,0.7802420132177763), (-0.04726872836526713,0.574409612044787); (-0.11384668833323763,1.0774613616521913), (-0.6179257198501594,1.195162348972115), (-0.7356267071700832,0.6910833174551934), (-0.23154767565316142,0.5733823301352695); (-0.9985092140685047,1.5612917815025495), (-1.3865580592194815,1.2187026891366135), (-1.043968966853546,0.8306538439856368), (-0.6559201217025685,1.1732429363515728); (-0.38087364794990286,0.3716830088815717), (-0.5865737904424666,0.21460102555337565), (-0.4294918071142706,0.008900883060811993), (-0.22379166462170685,0.16598286638900797); (-1.3554587720109517,0.8579333202307229), (-1.5611589145035154,0.7008513369025269), (-1.4040769311753194,0.4951511944099632), (-1.1983767886827557,0.6522331777381591); (-0.31763786422858664,0.3113289164127876), (-0.07116880017718996,0.23233335594633364), (0.007826760289264045,0.4788024199977303), (-0.23864230376213266,0.5577979804641843); (-1.1225900955625265,0.5953547143761713), (-1.41725906373581,0.16977347462656123), (-0.9916778239862,-0.1248954935467223), (-0.6970088558129165,0.30068574620288774); (-0.17697279756591788,1.591580643227274), (-0.43196376208759046,1.6359304585604608), (-0.47631357742077723,1.3809394940387882), (-0.22132261289910457,1.3365896787056015)

8: (-0.8550674535146854,-1.4490366113139688), (-0.545701746644732,-1.4023479957578515), (-0.5923903622008493,-1.0929822888878982), (-0.9017560690708026,-1.1396709044440154); (0.11754358642770124,-0.5334323651850075), (-0.19225604080872327,-0.5771491625730282), (-0.14853924342070263,-0.8869487898094526), (0.16126038381572189,-0.843231992421432); (-0.3911221054833617,-1.2218322493421865), (-0.40146727957968864,-1.3779242710003734), (-0.24537525792150156,-1.3882694450967001), (-0.23503008382517476,-1.2321774234385134); (0.355370772125714,-0.5392383881309746), (0.4856794838447742,-0.4526856209739272), (0.39912671668772687,-0.32237690925486695), (0.26881800496866665,-0.40892967641191436); (-0.8814131668883826,-0.8477103993183213), (-0.7250723213655511,-0.8422991264893691), (-0.7304835941945033,-0.6859582809665377), (-0.8868244397173347,-0.6913695537954898); (0.23089805446313494,-0.1083818772602343), (0.07644418576470113,-0.13319607272392348), (0.1012583812283902,-0.2876499414223572), (0.2557122499268242,-0.2628357459586681); (0.6662081719032042,-1.118212159300775), (0.5110948223099568,-1.1384998558281343), (0.5313825188373162,-1.2936132054213818), (0.6864958684305638,-1.2733255088940223); (-0.5040707224203147,-1.1595931950891676), (-0.19204751093392192,-1.1366044390677859), (-0.2150362669553037,-0.8245812275813931), (-0.5270594784416965,-0.8475699836027748); (-0.4286061775544999,-1.467858218738705), (-0.584249174709381,-1.4521420077109513), (-0.5999653857371346,-1.6077850048658324), (-0.44432238858225365,-1.6235012158935862); (0.7025588686165352,-0.8435041024078254), (0.5548882072069586,-0.7918793253014648), (0.503263430100598,-0.9395499867110412), (0.6509340915101746,-0.9911747638174019); (0.43084683370666665,-1.514198737018035), (0.41759539118532024,-1.3583265421803197), (0.261723196347605,-1.3715779847016663), (0.27497463886895146,-1.5274501795393813); (0.4354302797678813,-1.1912784965990033), (0.3271308722281515,-1.0783936872623758), (0.2142460628915241,-1.1866930948021057), (0.32254547043125387,-1.299577904138733); (0.2999942443078094,-1.7336515664491712), (0.1700240610859536,-1.6465912808667058), (0.08296377550348819,-1.7765614640885616), (0.21293395872534393,-1.863621749671027); (-0.267516412666835,-1.4717046276390602), (-0.4021246697344799,-1.5514063150843962), (-0.3224229822891438,-1.6860145721520412), (-0.18781472522149895,-1.606312884706705); (0.36719017365535445,-0.8222471922845853), (0.521415881804751,-0.7960522920511359), (0.4952209815713016,-0.6418265839017394), (0.3409952734219051,-0.6680214841351888); (-0.8134812610498456,-0.6468849103307273), (-0.6652204397104107,-0.5969802942298158), (-0.715125055811322,-0.44871947289038083), (-0.863385877150757,-0.4986240889912923); (-0.42107332043510426,-0.32470879326034163), (-0.3550680862075977,-0.18288125394940524), (-0.4968956255185341,-0.1168760197218987), (-0.5629008597460406,-0.2587035590328351); (-0.07380817253597272,-1.4337514020591797), (0.19034992740267226,-1.2660985892390613), (0.022697114582553746,-1.0019404893004162), (-0.2414609853560912,-1.1695933021205347); (0.4760436217353612,-0.9060506891889697), (0.34944912830145125,-0.8141508737123598), (0.2575493128248414,-0.9407453671462697), (0.3841438062587513,-1.0326451826228795); (-0.024313782725827515,-0.4367847150023365), (0.1105705478900745,-0.516018288736728), (0.18980412162446592,-0.38113395812082584), (0.05491979100856387,-0.3019003843864345); (0.06814001589528496,-1.7484358505315551), (0.1341452501227915,-1.6066083112206186), (-0.007682289188144897,-1.5406030769931123), (-0.07368752341565143,-1.6824306163040486); (-0.4843765996721848,-0.6426586974717929), (-0.620733219159225,-0.5659865762379979), (-0.6974053403930199,-0.702343195725038), (-0.5610487209059798,-0.7790153169588331); (-0.6294703510059036,-0.19824595417733581), (-0.772968465387778,-0.26053586524863), (-0.7106785543164839,-0.4040339796305042), (-0.5671804399346094,-0.34174406855921); (-1.0564870855791408,-0.9455030093116479), (-0.9198173074763505,-0.869390503074123), (-0.9959298137138753,-0.7327207249713327), (-1.1325995918166656,-0.8088332312088575); (0.26323225299640574,-1.4728654027958352), (0.23208713668427577,-1.3195626840256611), (0.07878441791410165,-1.350707800337791), (0.10992953422623158,-1.5040105191079651); (-0.190356129500465,-1.9495614151553808), (-0.037371607194546436,-1.9168891365808292), (-0.07004388576909813,-1.7639046142749106), (-0.2230284080750167,-1.7965768928494623); (-0.9044961482374626,-1.0353672620712968), (-1.0310906416713725,-0.943467446594687), (-1.1229904571479823,-1.070061940028597), (-0.9963959637140725,-1.1619617555052066); (-0.37286495813115317,-1.6726451737469477), (-0.5235644529427117,-1.714614258987923), (-0.4815953677017364,-1.8653137537994815), (-0.33089587289017786,-1.8233446685585062); (0.5612048327499846,-0.6647508001987226), (0.7019925016781242,-0.5965556821168265), (0.6337973835962282,-0.45576801318868687), (0.4930097146680885,-0.5239631312705829); (-0.07321912429022981,-0.43423923710909995), (0.02502699889176914,-0.312504110164858), (-0.09670812805247278,-0.21425798698285908), (-0.19495425123447174,-0.335993113927101); (-0.5515822575476673,-0.7970984397506777), (-0.7080009041455838,-0.7948738389102332), (-0.7102255049860283,-0.9512924855081497), (-0.5538068583881118,-0.9535170863485942); (0.1576095665032453,-0.9342779353208199), (0.10191928637279568,-1.0804638941247189), (0.24810524517669447,-1.1361541742551686), (0.30379552530714427,-0.9899682154512696); (-0.34390112850214505,-0.5509808187410219), (-0.39041344925039995,-0.40162103208130995), (-0.5397732359101118,-0.44813335282956485), (-0.493260915161857,-0.5974931394892768); (0.2148328111953124,-0.6598916074904373), (0.3502175833118071,-0.581516194691601), (0.27184217051297077,-0.4461314225751062), (0.13645739839647608,-0.5245068353739426); (0.7042802769112682,-1.339529528676855), (0.5545862690721344,-1.2941043608788099), (0.5091611012740892,-1.4437983687179436), (0.658855109113223,-1.4892235365159887) 

25: (0.6041771322245637,3.084052223011814), (3.6041771322245637,3.084052223011814), (3.6041771322245637,6.084052223011814), (0.6041771322245637,6.084052223011814); (-20.872528232474547,1.3217096779760507), (-17.872528232474547,1.3217096779760507), (-17.872528232474547,4.321709677976051), (-20.872528232474547,4.321709677976051); (3.045786577906185,7.155317400929186), (4.795786577906185,7.155317400929186), (4.795786577906185,8.905317400929185), (3.045786577906185,8.905317400929185); (-16.051471167521235,-0.6639535355875384), (-14.301471167521235,-0.6639535355875384), (-14.301471167521235,1.0860464644124614), (-16.051471167521235,1.0860464644124614); (-8.78437090566661,3.5769762622722165), (-7.034370905666609,3.5769762622722165), (-7.034370905666609,5.3269762622722165), (-8.78437090566661,5.3269762622722165); (-1.99446894831933,3.430274436172712), (-0.24446894831933008,3.430274436172712), (-0.24446894831933008,5.180274436172712), (-1.99446894831933,5.180274436172712); (-4.814377570446471,2.995242188378721), (-3.064377570446471,2.995242188378721), (-3.064377570446471,4.745242188378721), (-4.814377570446471,4.745242188378721); (-15.426231058425616,3.9364036224066536), (-13.676231058425616,3.9364036224066536), (-13.676231058425616,5.686403622406654), (-15.426231058425616,5.686403622406654); (5.107550936950322,2.673082523993111), (6.857550936950322,2.673082523993111), (6.857550936950322,4.423082523993111), (5.107550936950322,4.423082523993111); (0.29328167421055795,0.95285725861486), (2.043281674210558,0.95285725861486), (2.043281674210558,2.70285725861486), (0.29328167421055795,2.70285725861486); (-14.852517104295103,2.050561858046576), (-13.102517104295103,2.050561858046576), (-13.102517104295103,3.800561858046576), (-14.852517104295103,3.800561858046576); (5.229617553357659,4.424340002805188), (6.979617553357659,4.424340002805188), (6.979617553357659,6.174340002805188), (5.229617553357659,6.174340002805188); (-14.44214660354119,6.751483867589147), (-12.69214660354119,6.751483867589147), (-12.69214660354119,8.501483867589148), (-14.44214660354119,8.501483867589148); (-18.763460571103426,-0.5061017342030038), (-17.013460571103426,-0.5061017342030038), (-17.013460571103426,1.2438982657969966), (-18.763460571103426,1.2438982657969966); (-17.937954189766526,7.438112438893213), (-16.187954189766526,7.438112438893213), (-16.187954189766526,9.188112438893214), (-17.937954189766526,9.188112438893214); (-12.970470465080874,1.788600197609521), (-11.220470465080874,1.788600197609521), (-11.220470465080874,3.538600197609521), (-12.970470465080874,3.538600197609521); (-11.016829195438625,3.0145367991325456), (-9.266829195438625,3.0145367991325456), (-9.266829195438625,4.764536799132546), (-11.016829195438625,4.764536799132546); (-13.061147110333486,3.923765544943781), (-11.311147110333486,3.923765544943781), (-11.311147110333486,5.673765544943781), (-13.061147110333486,5.673765544943781); (-18.268467729844463,5.026306254790883), (-16.518467729844463,5.026306254790883), (-16.518467729844463,6.776306254790883), (-18.268467729844463,6.776306254790883); (-17.412943130501592,1.8972755242362465), (-15.662943130501592,1.8972755242362465), (-15.662943130501592,3.6472755242362465), (-17.412943130501592,3.6472755242362465); (-21.036183064044,4.741936450878109), (-19.286183064044,4.741936450878109), (-19.286183064044,6.491936450878109), (-21.036183064044,6.491936450878109); (-6.9447878213670435,3.6467838573607283), (-5.1947878213670435,3.6467838573607283), (-5.1947878213670435,5.396783857360728), (-6.9447878213670435,5.396783857360728); (5.793242404458468,0.6376164585325235), (7.543242404458468,0.6376164585325235), (7.543242404458468,2.3876164585325235), (5.793242404458468,2.3876164585325235)

29: (102.43022217724163,178.02207390509784), (129.11676289222353,178.02207390509784), (129.11676289222353,204.70861462007974), (102.43022217724163,204.70861462007974); (434.5987091546509,170.6082148902338), (461.2852498696328,170.6082148902338), (461.2852498696328,197.2947556052157), (434.5987091546509,197.2947556052157); (475.5150438657538,160.2259859153771), (502.2015845807357,160.2259859153771), (502.2015845807357,186.912526630359), (475.5150438657538,186.912526630359); (512.2915724601605,81.18934507006479), (519.5716823494411,81.18934507006479), (519.5716823494411,88.46945495934531), (512.2915724601605,88.46945495934531); (311.19715527135486,140.76333798379773), (362.67530597628985,140.76333798379773), (362.67530597628985,192.24148868873272), (311.19715527135486,192.24148868873272); (398.42046067853124,111.60682486858406), (425.10700139351314,111.60682486858406), (425.10700139351314,138.29336558356596), (398.42046067853124,138.29336558356596); (421.9779570555464,61.45466224700799), (448.6644977705283,61.45466224700799), (448.6644977705283,88.14120296198989), (421.9779570555464,88.14120296198989); (402.0367228745881,175.9119076449202), (428.72326358957,175.9119076449202), (428.72326358957,202.5984483599021), (402.0367228745881,202.5984483599021); (324.0796871629247,111.68499463605598), (328.0796871629247,111.68499463605598), (328.0796871629247,115.68499463605598), (324.0796871629247,115.68499463605598); (87.23554198530047,84.82054146448358), (113.92208270028237,84.82054146448358), (113.92208270028237,111.50708217946548), (87.23554198530047,111.50708217946548); (134.05875083161905,143.03532814104003), (141.8690005075257,143.03532814104003), (141.8690005075257,150.84557781694667), (134.05875083161905,150.84557781694667); (358.7493506798731,64.14868230569647), (385.435891394855,64.14868230569647), (385.435891394855,90.83522302067837), (358.7493506798731,90.83522302067837); (98.86480779729436,61.253226220887456), (112.90047664491256,61.253226220887456), (112.90047664491256,75.28889506850565), (98.86480779729436,75.28889506850565); (322.38654185461877,89.96729749230091), (329.38654185461877,89.96729749230091), (329.38654185461877,96.96729749230091), (322.38654185461877,96.96729749230091); (391.2848397822234,67.10692708788947), (411.3845910244652,67.10692708788947), (411.3845910244652,87.20667833013125), (391.2848397822234,87.20667833013125); (329.81501297743284,83.27401237941991), (356.50155369241475,83.27401237941991), (356.50155369241475,109.96055309440182), (329.81501297743284,109.96055309440182); (396.3098006858184,142.13327584617167), (422.9963414008003,142.13327584617167), (422.9963414008003,168.81981656115357), (396.3098006858184,168.81981656115357); (424.3264221099847,155.91807023460987), (431.60653199926526,155.91807023460987), (431.60653199926526,163.19818012389038), (424.3264221099847,163.19818012389038); (228.25820481601284,148.9657539876642), (233.25820481601284,148.9657539876642), (233.25820481601284,153.9657539876642), (228.25820481601284,153.9657539876642); (460.44563809920203,86.45077682870507), (487.13217881418393,86.45077682870507), (487.13217881418393,113.13731754368698), (460.44563809920203,113.13731754368698); (475.3185700390444,147.1572138884969), (483.1288197149511,147.1572138884969), (483.1288197149511,154.96746356440354), (475.3185700390444,154.96746356440354); (303.91703042041024,53.31719064926473), (330.60357113539214,53.31719064926473), (330.60357113539214,80.00373136424663), (303.91703042041024,80.00373136424663); (366.9905907437251,133.1999367283696), (393.677131458707,133.1999367283696), (393.677131458707,159.8864774433515), (366.9905907437251,159.8864774433515); (279.58833201666675,175.4087602622064), (306.27487273164866,175.4087602622064), (306.27487273164866,202.09530097718832), (279.58833201666675,202.09530097718832); (183.01125790243975,125.14499564124438), (188.11027741603255,125.14499564124438), (188.11027741603255,130.24401515483717), (183.01125790243975,130.24401515483717); (152.07305675407198,124.59819828304856), (178.7595974690539,124.59819828304856), (178.7595974690539,151.28473899803046), (152.07305675407198,151.28473899803046); (430.6645780416218,213.12864027142993), (440.0985591736784,213.12864027142993), (440.0985591736784,222.56262140348653), (430.6645780416218,222.56262140348653); (267.94186084557066,103.78729752527381), (294.62840156055256,103.78729752527381), (294.62840156055256,130.47383824025573), (267.94186084557066,130.47383824025573); (530.8824241600297,165.47332904937554), (536.8824241600297,165.47332904937554), (536.8824241600297,171.47332904937554), (530.8824241600297,171.47332904937554); (481.4643823213099,65.96184795843476), (489.9496636955485,65.96184795843476), (489.9496636955485,74.44712933267333), (481.4643823213099,74.44712933267333); (440.53339206825467,140.78185734872537), (467.2199327832366,140.78185734872537), (467.2199327832366,167.46839806370727), (440.53339206825467,167.46839806370727); (504.233161590461,152.47692128294955), (525.233161590461,152.47692128294955), (525.233161590461,173.47692128294955), (504.233161590461,173.47692128294955); (421.37359217991207,216.5638677935917), (429.97591744695467,216.5638677935917), (429.97591744695467,225.16619306063433), (421.37359217991207,225.16619306063433); (10.52758820413817,272.74295659299923), (16.52758820413817,272.74295659299923), (16.52758820413817,278.74295659299923), (10.52758820413817,278.74295659299923); (334.9712333412016,71.84601282660688), (341.0539958714998,71.84601282660688), (341.0539958714998,77.9287753569051), (334.9712333412016,77.9287753569051); (469.4866167867798,206.95509120033702), (473.60972241239745,206.95509120033702), (473.60972241239745,211.07819682595468), (469.4866167867798,211.07819682595468); (195.0369105942857,112.40227010507589), (221.7234513092676,112.40227010507589), (221.7234513092676,139.0888108200578), (195.0369105942857,139.0888108200578); (517.2943558470719,109.66605959907223), (521.4174614726895,109.66605959907223), (521.4174614726895,113.78916522468988), (517.2943558470719,113.78916522468988); (60.334872029148386,0.170540871188944), (71.99677581883898,0.170540871188944), (71.99677581883898,11.832444660879545), (60.334872029148386,11.832444660879545); (86.40066648344418,123.90238809333047), (113.08720719842609,123.90238809333047), (113.08720719842609,150.58892880831237), (86.40066648344418,150.58892880831237); (351.41144729130986,199.82461715167977), (378.09798800629176,199.82461715167977), (378.09798800629176,226.51115786666168), (351.41144729130986,226.51115786666168); (75.64111132233016,125.1034576102652), (79.64111132233016,125.1034576102652), (79.64111132233016,129.1034576102652), (75.64111132233016,129.1034576102652); (467.460093509544,175.21286440391142), (472.5591130231367,175.21286440391142), (472.5591130231367,180.31188391750422), (467.460093509544,180.31188391750422); (119.13992999122166,256.6558950344673), (125.84813392372104,256.6558950344673), (125.84813392372104,263.36409896696665), (119.13992999122166,263.36409896696665); (497.5513845506589,75.68691688860056), (503.5513845506589,75.68691688860056), (503.5513845506589,81.68691688860056), (497.5513845506589,81.68691688860056); (495.74958234263113,119.02421598932051), (522.436123057613,119.02421598932051), (522.436123057613,145.7107567043024), (495.74958234263113,145.7107567043024); (75.70018948836037,172.66820651609189), (102.38673020334227,172.66820651609189), (102.38673020334227,199.3547472310738), (75.70018948836037,199.3547472310738); (228.36310873176183,115.77307273952991), (255.04964944674373,115.77307273952991), (255.04964944674373,142.4596134545118), (228.36310873176183,142.4596134545118); (145.75913321019692,98.54491033756965), (152.75913321019692,98.54491033756965), (152.75913321019692,105.54491033756965), (145.75913321019692,105.54491033756965); (264.8507846067168,144.50778898546486), (291.5373253216987,144.50778898546486), (291.5373253216987,171.19432970044676), (264.8507846067168,171.19432970044676); (212.93678404837306,140.24745164204796), (223.23241418936004,140.24745164204796), (223.23241418936004,150.54308178303495), (212.93678404837306,150.54308178303495); (364.6256646222589,175.0160616491063), (371.3338685547583,175.0160616491063), (371.3338685547583,181.72426558160566), (364.6256646222589,181.72426558160566); (54.908431999127686,273.5804634539748), (65.20406214011469,273.5804634539748), (65.20406214011469,283.8760935949618), (54.908431999127686,283.8760935949618); (402.1503625767879,223.35218891402116), (408.1503625767879,223.35218891402116), (408.1503625767879,229.35218891402116), (402.1503625767879,229.35218891402116); (406.9437280019152,96.65847347209733), (414.75397767782187,96.65847347209733), (414.75397767782187,104.46872314800399), (406.9437280019152,104.46872314800399); (367.5583353916691,40.9676663841217), (373.64109792196734,40.9676663841217), (373.64109792196734,47.05042891441992), (367.5583353916691,47.05042891441992); (446.39196585770856,113.71914214454583), (473.07850657269046,113.71914214454583), (473.07850657269046,140.40568285952773), (446.39196585770856,140.40568285952773); (402.9266786147275,51.50042700281225), (414.5885824044181,51.50042700281225), (414.5885824044181,63.16233079250286), (402.9266786147275,63.16233079250286); (496.9193639649503,199.66607567796277), (502.0183834785431,199.66607567796277), (502.0183834785431,204.76509519155556), (496.9193639649503,204.76509519155556); (89.55897178959862,3.777104658012714), (95.64173431989684,3.777104658012714), (95.64173431989684,9.859867188310933), (89.55897178959862,9.859867188310933); (145.67731462837304,147.5379545964663), (150.67731462837304,147.5379545964663), (150.67731462837304,152.5379545964663), (145.67731462837304,152.5379545964663); (119.07219276262853,101.82341718376036), (145.75873347761043,101.82341718376036), (145.75873347761043,128.50995789874227), (119.07219276262853,128.50995789874227); (487.3502264342368,127.47655230843924), (493.3502264342368,127.47655230843924), (493.3502264342368,133.47655230843924), (487.3502264342368,133.47655230843924); (9.51385171166838,6.191412813527169), (15.596614241966599,6.191412813527169), (15.596614241966599,12.274175343825387), (9.51385171166838,12.274175343825387); (346.6658779576478,221.0205564674015), (350.7889835832655,221.0205564674015), (350.7889835832655,225.14366209301917), (346.6658779576478,225.14366209301917); (75.15616162857295,81.79063970394641), (82.96641130447959,81.79063970394641), (82.96641130447959,89.60088937985307), (75.15616162857295,89.60088937985307); (114.80495981862212,265.35210256253856), (121.12951513895888,265.35210256253856), (121.12951513895888,271.6766578828753), (114.80495981862212,271.6766578828753); (396.7218770557093,209.79478958395515), (408.3837808453999,209.79478958395515), (408.3837808453999,221.45669337364575), (396.7218770557093,221.45669337364575); (342.74402820998887,201.069598415401), (348.74402820998887,201.069598415401), (348.74402820998887,207.069598415401), (342.74402820998887,207.069598415401); (330.70459960313366,43.57986278356024), (357.39114031811556,43.57986278356024), (357.39114031811556,70.26640349854215), (330.70459960313366,70.26640349854215); (440.5808704838248,201.92752552363785), (446.90542580416155,201.92752552363785), (446.90542580416155,208.25208084397462), (440.5808704838248,208.25208084397462); (167.6237484899113,153.1089729761946), (175.43399816581794,153.1089729761946), (175.43399816581794,160.91922265210124), (167.6237484899113,160.91922265210124); (-26.7675849656046,5.608432899970095), (-22.7675849656046,5.608432899970095), (-22.7675849656046,9.608432899970095), (-26.7675849656046,9.608432899970095)

30: (-64.21808279494738,53.91157670065774), (-54.21808279494738,53.91157670065774), (-54.21808279494738,63.91157670065774), (-64.21808279494738,63.91157670065774); (-86.57735805986087,122.05327632142117), (-74.65301233041978,122.05327632142117), (-74.65301233041978,133.97762205086227), (-86.57735805986087,133.97762205086227); (-138.1695758053049,146.92977902774615), (-126.98923591780596,146.92977902774615), (-126.98923591780596,158.1101189152451), (-138.1695758053049,158.1101189152451); (-139.88023520890536,112.17323931113344), (-127.95588947946428,112.17323931113344), (-127.95588947946428,124.09758504057453), (-139.88023520890536,124.09758504057453); (-86.37638348637277,102.60002623578694), (-74.45203775693169,102.60002623578694), (-74.45203775693169,114.52437196522803), (-86.37638348637277,114.52437196522803); (-122.28649377787528,126.5063871080236), (-110.3621480484342,126.5063871080236), (-110.3621480484342,138.4307328374647), (-122.28649377787528,138.4307328374647); (-49.79326858416067,101.2958113060779), (-37.868922854719585,101.2958113060779), (-37.868922854719585,113.22015703551898), (-49.79326858416067,113.22015703551898); (-73.15153047637664,123.06385031936432), (-61.22718474693555,123.06385031936432), (-61.22718474693555,134.9881960488054), (-73.15153047637664,134.9881960488054); (-101.91938263007584,163.93795010510416), (-89.99503690063476,163.93795010510416), (-89.99503690063476,175.86229583454525), (-101.91938263007584,175.86229583454525); (-107.4549253490569,61.053293614), (-95.5305796196158,61.053293614), (-95.5305796196158,72.97763934344108), (-107.4549253490569,72.97763934344108); (-138.65523371973688,124.33461040447251), (-126.7308879902958,124.33461040447251), (-126.7308879902958,136.2589561339136), (-138.65523371973688,136.2589561339136); (-70.65288121615893,110.0788771250672), (-58.728535486717846,110.0788771250672), (-58.728535486717846,122.00322285450828), (-70.65288121615893,122.00322285450828); (-67.9980075010281,33.92521067520659), (-56.07366177158701,33.92521067520659), (-56.07366177158701,45.84955640464768), (-67.9980075010281,45.84955640464768); (-108.13223877977558,124.9866108448501), (-96.20789305033449,124.9866108448501), (-96.20789305033449,136.9109565742912), (-108.13223877977558,136.9109565742912); (-36.624648972723094,13.833981256815475), (-25.624648972723094,13.833981256815475), (-25.624648972723094,24.833981256815477), (-36.624648972723094,24.833981256815477); (-138.8917685916221,8.211295132479984), (-126.96742286218102,8.211295132479984), (-126.96742286218102,20.135640861921072), (-138.8917685916221,20.135640861921072); (-126.72956051927578,99.04500102530353), (-115.54922063177683,99.04500102530353), (-115.54922063177683,110.22534091280248), (-126.72956051927578,110.22534091280248); (-112.81261383878578,151.6544071021636), (-100.8882681093447,151.6544071021636), (-100.8882681093447,163.57875283160467), (-112.81261383878578,163.57875283160467); (-122.70328734567377,5.97428557027331), (-110.77894161623269,5.97428557027331), (-110.77894161623269,17.8986312997144), (-122.70328734567377,17.8986312997144); (-110.84898700024632,110.55369991083863), (-98.92464127080524,110.55369991083863), (-98.92464127080524,122.47804564027972), (-110.84898700024632,122.47804564027972); (-184.99214093303488,99.34575075542205), (-173.0677952035938,99.34575075542205), (-173.0677952035938,111.27009648486313), (-184.99214093303488,111.27009648486313); (-30.690958224449304,79.35880750676836), (-18.766612495008218,79.35880750676836), (-18.766612495008218,91.28315323620944), (-30.690958224449304,91.28315323620944); (-24.171018606143633,30.29299972901947), (-19.171018606143633,30.29299972901947), (-19.171018606143633,35.29299972901947), (-24.171018606143633,35.29299972901947); (-64.3778367266901,2.06087007899837), (-52.45349099724902,2.06087007899837), (-52.45349099724902,13.985215808439458), (-64.3778367266901,13.985215808439458); (-35.95389386049581,99.83083441194799), (-24.029548131054725,99.83083441194799), (-24.029548131054725,111.75518014138908), (-35.95389386049581,111.75518014138908); (-96.46995455827462,100.09841392050282), (-88.85418145241071,100.09841392050282), (-88.85418145241071,107.71418702636673), (-96.46995455827462,107.71418702636673); (-167.53617087096484,95.18153078972921), (-157.53617087096484,95.18153078972921), (-157.53617087096484,105.18153078972921), (-167.53617087096484,105.18153078972921); (-83.84192828381447,12.926517193341425), (-71.91758255437338,12.926517193341425), (-71.91758255437338,24.85086292278251), (-83.84192828381447,24.85086292278251); (-84.53453565834596,160.1511120902101), (-72.61018992890487,160.1511120902101), (-72.61018992890487,172.07545781965118), (-84.53453565834596,172.07545781965118); (-147.0082850197109,72.41477287698791), (-135.08393929026983,72.41477287698791), (-135.08393929026983,84.339118606429), (-147.0082850197109,84.339118606429); (-108.84645248862842,97.70029107076148), (-96.92210675918733,97.70029107076148), (-96.92210675918733,109.62463680020257), (-108.84645248862842,109.62463680020257); (-143.2965992576843,90.56235855334026), (-131.37225352824322,90.56235855334026), (-131.37225352824322,102.48670428278135), (-143.2965992576843,102.48670428278135); (-125.14885567257569,112.58825015077058), (-113.2245099431346,112.58825015077058), (-113.2245099431346,124.51259588021166), (-125.14885567257569,124.51259588021166); (-50.58433077006069,11.944909032231983), (-48.58433077006069,11.944909032231983), (-48.58433077006069,13.944909032231983), (-50.58433077006069,13.944909032231983); (-83.52186381853919,139.61341631718759), (-71.5975180890981,139.61341631718759), (-71.5975180890981,151.53776204662867), (-83.52186381853919,151.53776204662867); (-87.88964934559121,165.0652660356038), (-85.06122222084502,165.0652660356038), (-85.06122222084502,167.89369316034998), (-87.88964934559121,167.89369316034998); (-163.1350049177115,8.879400023359366), (-151.21065918827043,8.879400023359366), (-151.21065918827043,20.803745752800452), (-163.1350049177115,20.803745752800452); (-184.53357097883995,10.084094284049163), (-172.60922524939886,10.084094284049163), (-172.60922524939886,22.00844001349025), (-184.53357097883995,22.00844001349025); (-125.30385594349572,139.28024785375538), (-113.37951021405463,139.28024785375538), (-113.37951021405463,151.20459358319647), (-125.30385594349572,151.20459358319647); (-88.84782507511828,151.6683598123071), (-82.84782507511828,151.6683598123071), (-82.84782507511828,157.66835981230713), (-88.84782507511828,157.66835981230713); (-68.48508661450384,85.64649304253885), (-56.560740885062756,85.64649304253885), (-56.560740885062756,97.57083877197994), (-68.48508661450384,97.57083877197994); (-75.96125851291798,153.71851222331725), (-73.1328313881718,153.71851222331725), (-73.1328313881718,156.54693934806343), (-75.96125851291798,156.54693934806343); (-113.9495294365097,174.66614690903313), (-111.9495294365097,174.66614690903313), (-111.9495294365097,176.66614690903313), (-113.9495294365097,176.66614690903313); (-106.65394338891355,10.56187844926848), (-94.72959765947246,10.56187844926848), (-94.72959765947246,22.48622417870957), (-106.65394338891355,22.48622417870957); (-158.26835448422315,106.81397159835346), (-146.34400875478207,106.81397159835346), (-146.34400875478207,118.73831732779455), (-158.26835448422315,118.73831732779455); (-67.27672993135354,68.27024229167107), (-55.35238420191246,68.27024229167107), (-55.35238420191246,80.19458802111215), (-67.27672993135354,80.19458802111215); (-163.8903083942347,23.56521468397258), (-162.4760948318616,23.56521468397258), (-162.4760948318616,24.979428246345677), (-163.8903083942347,24.979428246345677); (-147.614639837921,40.45305148495572), (-135.69029410847992,40.45305148495572), (-135.69029410847992,52.37739721439681), (-147.614639837921,52.37739721439681); (-184.7324669461238,73.5693872358271), (-172.8081212166827,73.5693872358271), (-172.8081212166827,85.49373296526818), (-184.7324669461238,85.49373296526818); (-40.48760250604494,8.291203405871123), (-36.24496181892565,8.291203405871123), (-36.24496181892565,12.533844092990407), (-40.48760250604494,12.533844092990407); (-48.41636055124795,16.476129972670456), (-45.587933426501756,16.476129972670456), (-45.587933426501756,19.304557097416648), (-48.41636055124795,19.304557097416648); (-90.02753057864514,176.49944685368996), (-85.78488989152585,176.49944685368996), (-85.78488989152585,180.74208754080925), (-90.02753057864514,180.74208754080925); (-91.34514965273499,144.08884828593486), (-89.34514965273499,144.08884828593486), (-89.34514965273499,146.08884828593486), (-91.34514965273499,146.08884828593486); (-105.19453564322536,74.53710040966273), (-93.27018991378428,74.53710040966273), (-93.27018991378428,86.46144613910381), (-105.19453564322536,86.46144613910381); (-97.80587223551314,150.2009551131819), (-94.80587223551314,150.2009551131819), (-94.80587223551314,153.2009551131819), (-97.80587223551314,153.2009551131819); (-146.4605337557332,27.447020289310636), (-134.5361880262921,27.447020289310636), (-134.5361880262921,39.37136601875172), (-146.4605337557332,39.37136601875172); (-178.96043083296192,65.16397817291666), (-174.71779014584263,65.16397817291666), (-174.71779014584263,69.40661886003595), (-178.96043083296192,69.40661886003595); (-145.20952703243424,131.82071783945938), (-141.60397575697024,131.82071783945938), (-141.60397575697024,135.42626911492334), (-145.20952703243424,135.42626911492334); (-102.41211612625462,202.42581082578022), (-99.58368900150843,202.42581082578022), (-99.58368900150843,205.2542379505264), (-102.41211612625462,205.2542379505264); (-65.31153977426104,18.793516192006866), (-62.311539774261036,18.793516192006866), (-62.311539774261036,21.793516192006866), (-65.31153977426104,21.793516192006866); (-183.97371071651315,53.08342250857064), (-172.04936498707207,53.08342250857064), (-172.04936498707207,65.00776823801174), (-183.97371071651315,65.00776823801174); (-182.88911270423208,27.144554358067676), (-170.964766974791,27.144554358067676), (-170.964766974791,39.068900087508766), (-182.88911270423208,39.068900087508766); (-106.18692505339287,36.557411202362864), (-94.26257932395178,36.557411202362864), (-94.26257932395178,48.48175693180395), (-106.18692505339287,48.48175693180395); (-147.16571765671648,121.28511208341982), (-145.16571765671648,121.28511208341982), (-145.16571765671648,123.28511208341982), (-147.16571765671648,123.28511208341982); (-103.17936198718553,179.90019605505978), (-91.25501625774444,179.90019605505978), (-91.25501625774444,191.82454178450087), (-103.17936198718553,191.82454178450087); (-133.962190689848,160.24295647274363), (-128.962190689848,160.24295647274363), (-128.962190689848,165.24295647274363), (-133.962190689848,165.24295647274363)
