-1.1122361069511442,30.21535961341211	-1.4024909799380778,31.172308989663197	-2.359440356189162,30.88205411667626	-2.0691854832022285,29.925104740425176	
-11.462377992844878,69.1222020927083	-10.952510964924123,67.18828492440991	-9.018593796625733,67.69815195233068	-9.52846082454649,69.63206912062907	
-16.59918132257245,58.537823183936844	-17.615351528608922,70.74560341264197	-29.82313175731405,69.7294332066055	-28.806961551277574,57.521652977900374	
-35.22641833487833,85.87173496653679	-36.12479734011776,83.80886920189164	-34.06193157547261,82.91049019665222	-33.163552570233186,84.97335596129736	
-99.21519370855019,153.77405027483712	-94.29072226275235,152.90826682643805	-94.11756557307254,153.89316111559762	-99.04203701887037,154.7589445639967	
-95.45583602155777,161.92924582941305	-95.02385224080736,162.83112720363505	-95.92573361502937,163.26311098438546	-96.35771739577979,162.36122961016346	
-18.621230216574304,78.77285538932156	-21.25778989161238,75.7647740938837	-20.505769567752914,75.10563417512418	-17.86920989271484,78.11371547056204	
-22.92942629793879,78.0024910394628	-20.680633278470243,77.9288028070947	-20.606945046102148,80.17759582656325	-22.855738065570694,80.25128405893135	
-71.1400998946676,122.98256485356065	-86.58618648536343,137.20994722111956	-88.618669680729,135.00336342244873	-73.17258309003316,120.77598105488981	
10.798918952743662,44.55068439127984	5.058925640981928,48.55723861915827	1.0523714131034936,42.81724530739654	6.79236472486523,38.8106910795181	
-8.829001048766088,56.288261103715605	-8.886174652265378,54.28907847597423	-6.886992024524004,54.23190487247494	-6.829818421024713,56.23108750021631	
21.342795288302455,9.512745206382169	23.156866024577376,8.670636327560098	23.998974903399446,10.48470706383502	22.184904167124525,11.32681594265709	
-101.6307106732076,185.45235832687874	-100.61448082181776,186.55566104560293	-101.71778354054194,187.57189089699276	-102.7340133919318,186.4685881782686	
-42.11581198841968,101.11878741275645	-39.4601136718497,103.39853881397707	-41.73986507307032,106.05423713054705	-44.395563389640294,103.77448572932643	
-63.94345909836126,134.48275663851007	-62.96939096398606,134.7090115160151	-63.19564584149107,135.68307965039028	-64.16971397586627,135.45682477288528	
-74.52114952303273,153.06521952061593	-76.18158922587648,150.56663192094683	-73.68300162620739,148.9061922181031	-72.02256192336364,151.40477981777218	
-34.25552298081105,67.76847714202927	-35.234590639023196,67.56494208204455	-35.03105557903847,66.5858744238324	-34.05198792082633,66.78940948381712	
-44.910368729419005,108.0638648627666	-43.12889789490042,114.83338195527472	-44.09597176525872,115.08787778877738	-45.87744259977731,108.31836069626925	
-104.34776715126088,166.11878004977513	-105.87225654898722,172.95075868529645	-106.84825349691884,172.73297448562127	-105.3237640991925,165.90099585009995	
-49.44131273912461,107.86109512884656	-47.44229088411599,107.92363809965768	-47.50483385492711,109.9226599546663	-49.50385570993573,109.86011698385518	
-117.7597427924131,177.3693198668556	-115.53386269605387,177.6978891847047	-115.862432013903,179.92376928106395	-118.08831211026224,179.5951999632148	
-61.76077702324011,124.12784921827755	-66.7168755057096,124.78897540295306	-66.84910074264471,123.79775570645916	-61.89300226017521,123.13662952178365	
-55.48566887695934,104.46252711973841	-57.445260347749574,103.35685932713244	-56.3395925551436,101.3972678563422	-54.38000108435337,102.50293564894818	
-62.81425862899809,106.16860991811288	-64.39983427077817,104.94961447751695	-63.180838830182246,103.36403883573686	-61.59526318840216,104.5830342763328	
-29.927606517306586,78.3561961341993	-32.23663283577376,76.44089003317369	-30.32132673474816,74.13186371470651	-28.01230041628098,76.04716981573212	
-40.073129657097255,87.39020011361187	-40.54370855520242,86.50784219266475	-39.66135063425531,86.03726329455958	-39.19077173615013,86.9196212155067	
-48.82206325628556,89.39590752637243	-49.4369281490697,90.18453999059233	-50.225560613289595,89.56967509780817	-49.610695720505454,88.78104263358829	
9.640407168641985,27.35078934979542	6.662688879836831,33.68586581283162	0.327612416800628,30.708147524026472	3.3053307056057806,24.373071060990267	
-11.675279008081532,44.49100103750739	-13.298080750123821,51.043024732979234	-19.850104445595665,49.42022299093694	-18.227302703553374,42.8681992954651	
-105.13134763884469,188.77403012905881	-102.8839539485208,188.66576378760243	-102.77568760706441,190.91315747792632	-105.02308129738832,191.0214238193827	
-80.85219015263452,126.87287911961873	-81.21426548974372,128.06929102622	-82.41067739634498,127.70721568911078	-82.04860205923578,126.51080378250953	
-76.99239630785996,152.7494838262858	-75.77438952559832,153.6249605412044	-76.64986624051691,154.842967323466	-77.86787302277855,153.96749060854745	
-61.351550430896495,119.75305537793274	-62.487892933328204,118.7739099764896	-61.508747531885064,117.63756747405789	-60.372405029453354,118.61671287550104	
-33.980021802273285,96.06787971437036	-35.24671470825802,93.34841486224818	-32.52724985613583,92.08172195626344	-31.2605569501511,94.80118680838562	
-19.432545927735973,83.83820950210489	-20.43184649379318,83.87560440386623	-20.469241395554533,82.87630383780903	-19.469940829497325,82.83890893604767	
-109.79114259343294,178.99559870803898	-108.8232825357508,178.7441093270633	-108.57179315477512,179.71196938474546	-109.53965321245727,179.96345876572113	
-78.42535204272701,133.4222215308587	-78.09371112469276,132.217018518298	-76.88850811213206,132.54865943633226	-77.22014903016631,133.75386244889296	
-67.71154295140266,146.16936359929147	-71.98783136150277,143.57834884949872	-71.46962841154422,142.7230911674787	-67.19334000144411,145.31410591727146	
-73.02054241786348,113.01510867051623	-68.79112365393956,108.75928713767814	-67.37251647632687,110.16909339231944	-71.60193524025078,114.42491492515754	
-91.48897418016398,141.27121541088349	-79.25272864123686,141.8515559239325	-79.83306915428587,154.08780146285963	-92.06931469321299,153.50746094981062	
6.952232485811891,21.838876213332227	6.705771507490496,22.80802892893739	5.736618791885333,22.561567950615995	5.983079770206728,21.592415235010833	
-106.3005211812689,183.59612060220854	-106.81624227482652,184.4528771333536	-107.6729988059716,183.93715603979598	-107.15727771241397,183.0803995086509	
-19.614633165286293,55.38033808111437	-20.909083697992433,58.086700550994706	-23.61544616787277,56.79225001828856	-22.32099563516663,54.08588754840823	
-98.84875446144954,182.83298451894606	-99.2289360449314,184.28400552623066	-100.679957052216,183.90382394274883	-100.29977546873415,182.4528029354642	
-61.80297516767669,111.13754944389174	-61.02062491363506,114.03374144028994	-63.916816910033255,114.81609169433158	-64.6991671640749,111.91989969793337	
-101.66439955534274,175.0597389830119	-101.58739541695046,176.05676975619318	-102.58442619013175,176.13377389458546	-102.66143032852402,175.13674312140418	
-46.596991604490825,111.75064692756175	-48.101817025750634,104.9143101561958	-47.12519748698407,104.69933509601583	-45.62037206572426,111.53567186738178	
-92.28888284779217,137.72441604023058	-85.59581190604942,139.77448954349794	-85.88867954937334,140.73064253517546	-92.58175049111607,138.6805690319081	
-73.74979452684657,128.4854519651828	-71.98176631243682,129.4203724072799	-72.91668675453393,131.18840062168965	-74.68471496894368,130.25348017959254	
20.516802430847804,9.461776278667658	20.415724787503265,10.456654819001058	19.420846247169866,10.355577175656519	19.521923890514405,9.36069863532312	
-44.68796204751217,94.93913508026831	-45.564589522178494,101.63196887998724	-52.25742332189743,100.75534140532092	-51.380795847231106,94.062507605602	
-58.38678563903052,104.84803140555724	-67.05583412953528,113.14547669126277	-68.43874167715288,111.70063527617864	-59.76969318664811,103.40318999047311	
-43.53236763595157,87.34079878618927	-43.1212449271736,86.42921877416231	-42.20966491514665,86.84034148294029	-42.62078762392462,87.75192149496725	
4.002099852412812,50.42457536423316	2.720157360821301,53.681356512583804	-0.5366237875293436,52.39941402099229	0.745318704062166,49.14263287264165	
-29.90189649021147,59.01433729036146	-30.121202596217152,58.03868118708089	-29.145546492936585,57.81937508107521	-28.9262403869309,58.79503118435578	
-115.37530441662352,179.5028602685995	-115.5432880148898,177.50992737692616	-113.55035512321645,177.34194377865987	-113.38237152495017,179.33487667033322	
1.373280079847575,24.6092557616998	0.5988697039429999,23.628037860471263	1.580087605171538,22.853627484566687	2.3544979810761117,23.834845385795223	
-121.13615419096782,180.3752947134356	-119.80141880488026,178.56394674876242	-117.99007084020707,179.89868213484996	-119.32480622629463,181.71003009952315	
-58.458959282138935,119.12137357312382	-57.998485158721564,116.15692361037136	-55.03403519596912,116.61739773378874	-55.49450931938648,119.58184769654119	
-71.30165266137317,118.04428494576074	-72.58385426084142,119.89319247679659	-74.43276179187727,118.61099087732833	-73.15056019240902,116.76208334629248	
-72.63478165323883,132.06962910550382	-70.81754383198141,131.23437662811057	-69.98229135458816,133.051614449368	-71.79952917584559,133.88686692676126	
-32.88275042807952,70.05132848682193	-34.29432183314753,72.6984903950539	-36.9414837413795,71.28691898998589	-35.52991233631149,68.63975708175391	
-39.696376019684706,70.31822795426528	-38.388206476864895,68.80538544850383	-36.87536397110344,70.11355499132364	-38.18353351392325,71.6263974970851	
-11.703359072525089,36.63863880378115	-10.89857430372267,36.045072062880315	-10.305007562821837,36.84985683168273	-11.109792331624254,37.44342357258357	
-101.827581572486,183.48127135722342	-100.99016188798292,184.02783175828333	-101.53672228904284,184.86525144278642	-102.37414197354592,184.31869104172648	
19.118290963252406,19.800275925593922	18.57275108375763,18.96219106122706	19.410835948124493,18.41665118173228	19.95637582761927,19.254736046099147	
-121.07976241792721,186.55242135485472	-121.79381531164861,188.42060990662569	-123.66200386341959,187.70655701290428	-122.94795096969817,185.8383684611333	
-77.48526901007932,135.3657030353778	-75.6993878324007,134.46535398128086	-74.79903877830377,136.25123515895947	-76.58491995598239,137.15158421305642	
-113.38883533367235,171.01015124861837	-113.58918882147636,171.9898749239089	-114.56891249676687,171.78952143610488	-114.36855900896288,170.80979776081438	
-4.625507071464924,52.473967987469486	0.015497622692923763,54.33436456583788	-0.35658169298075393,55.262565504669446	-4.997586387138602,53.40216892630106	
-108.98170982222817,169.59270163195188	-105.73572661439596,175.5109862664107	-111.65401124885477,178.7569694742429	-114.89999445668698,172.8386848397841	
-56.38757331967628,112.22255222745959	-51.36151113046366,108.94555682462985	-48.084515727633914,113.97161901384246	-53.11057791684653,117.24861441667221	
24.479076790491348,11.96489188072369	23.58292291699774,11.521148446944208	24.026666350777223,10.6249945734506	24.92282022427083,11.068738007230083	
-30.882940616267305,92.0616242351493	-33.61973271941866,90.83281628264884	-32.3909247669182,88.09602417949748	-29.654132663766838,89.32483213199794	
-119.285740253685,176.57083732854068	-118.49767587487703,175.95524449650475	-117.88208304284112,176.74330887531272	-118.67014742164908,177.35890170734865	
-97.61637714531167,175.8829771888662	-96.54947148902293,177.5746368238339	-98.24113112399066,178.64154248012264	-99.3080367802794,176.94988284515492	
-0.09319366229618709,59.12900744175749	-1.4793191719687089,60.570761953259044	-2.9210736834702655,59.18463644358652	-1.5349481737977437,57.74288193208496	
-31.315300557690648,64.26342743188343	-33.04412349653325,65.26899754188652	-34.049693606536344,63.540174603043916	-32.32087066769374,62.534604493040824	
-7.4351295917880975,62.590789355499304	-6.691597983384042,63.259490146065666	-7.360298773950406,64.00302175446973	-8.103830382354461,63.33432096390336	
-79.01223392653131,133.87947588473872	-79.9244227167493,133.4697056918249	-79.51465252383548,132.5575169016069	-78.60246373361748,132.96728709452074	
-44.03091234194119,98.73887090687066	-42.105841281621366,99.28118208388909	-42.64815245863979,101.20625314420892	-44.573223518959615,100.66394196719048	
-99.6037566700619,149.54384102376642	-100.43908506335214,147.7266380974637	-98.62188213704943,146.89130970417347	-97.78655374375919,148.70851263047618	
-12.169431099032337,75.88840012441433	-13.157494667265055,75.73435342652299	-13.003447969373708,74.74628985829027	-12.015384401140988,74.90033655618161	
-78.90160701318034,148.0433484328915	-77.17729845903544,147.0300567620964	-76.16400678824033,148.75436531624126	-77.88831534238523,149.7676569870364	
-33.30309836659225,97.57641200743934	-33.29345435721487,98.57636550289958	-34.293407852675095,98.58600951227696	-34.30305186205248,97.58605601681673	
1.3048596287227383,57.06469808536135	1.9936074253794072,55.732171735677944	3.326133775062813,56.420919532334615	2.6373859784061446,57.75344588201802	
-12.949824852737649,51.766436496351695	-11.997432018315244,52.07131005857194	-12.302305580535487,53.023702892994336	-13.25469841495789,52.7188293307741	
-73.24869181815299,142.08309021140911	-74.46693114697234,141.8031028229114	-74.18694375847464,140.58486349409205	-72.96870442965529,140.86485088258976	
-29.92866547203421,83.91371110443735	-23.337484151580025,82.45809137356812	-21.881864420710798,89.04927269402232	-28.473045741164984,90.50489242489154	
0.860299855469691,15.011342642653409	1.1418304026727601,17.998103522099825	-1.8449304767736576,18.279634069302894	-2.1264610239767268,15.292873189856477	
-22.71139675214222,75.98564408773858	-21.713229920174225,75.92512156664955	-21.65270739908519,76.92328839861754	-22.650874231053187,76.98381091970657	
-13.349207243521008,57.85754320268756	-10.36471908040786,50.435088729655234	-9.43691227127882,50.80814975004438	-12.421400434391968,58.2306042230767	
-26.73797709322983,56.844426669575746	-27.068877246737348,54.87199033640585	-25.096440913567456,54.54109018289833	-24.765540760059935,56.513526516068225	
-103.20991564890322,176.32545371204893	-102.25172495212483,178.0809794420248	-104.0072506821007,179.0391701388032	-104.96544137887909,177.2836444088273	
-70.12516583416519,142.07144491372162	-69.27606283114392,141.54321760445006	-68.74783552187237,142.39232060747133	-69.59693852489364,142.9205479167429	
-38.31259228662272,77.01905980405081	-37.15842399141409,75.38569041951612	-35.52505460687941,76.53985871472476	-36.679222902088036,78.17322809925945	
11.827795264754883,21.709501271279642	13.623137462273373,24.11298757118016	11.219651162372857,25.90832976869865	9.424308964854367,23.504843468798132	
-93.59785719817003,177.44981413111535	-93.56285578214575,176.20030426685804	-92.31334591788846,176.23530568288234	-92.34834733391273,177.48481554713962	
-49.16262855394318,119.23385989745613	-50.59467041374144,116.59771572238043	-47.95852623866575,115.16567386258217	-46.52648437886748,117.80181803765787	
17.304961807377254,12.74173122992253	17.473016506771902,13.727508901617002	16.48723883507743,13.895563601011652	16.319184135682782,12.909785929317179	
-119.02761348689748,189.92673646276862	-119.901988314235,189.441485330551	-119.41673718201739,188.56711050321348	-118.54236235467987,189.05236163543108	
-12.634373969490468,36.749739020203045	-12.637073735964893,37.749735375826894	-13.637070091588743,37.74703560935247	-13.63437032511432,36.74703925372862	
3.345892147159617,18.863180831165877	2.912267233785014,19.764274297184173	2.0111737677667167,19.330649383809572	2.44479868114132,18.429555917791273	
-61.83094554194244,100.23288105999373	-60.64377748129649,99.31602120386405	-59.72691762516681,100.50318926451001	-60.914085685812765,101.42004912063969	
-65.995364183698,132.7020624783183	-63.57207679704853,139.26922916127265	-70.13924348000288,141.69251654792214	-72.56253086665235,135.12534986496777	
-46.95288460882324,79.68766198617666	-46.43561946175648,80.54348718306561	-47.291444658645425,81.06075233013237	-47.80870980571218,80.20492713324343	
-14.632583025989234,56.5923688975731	-14.78854020288114,57.58013271497882	-15.776304020286855,57.42417553808691	-15.620346843394946,56.43641172068119	
-57.45915041409651,107.74874673538025	-57.80673938981068,109.7183106221232	-59.77630327655363,109.37072164640904	-59.42871430083946,107.40115775966609	
-109.89082341154628,193.10725117719437	-111.79134933770746,192.48435375065512	-111.16845191116822,190.58382782449397	-109.26792598500704,191.2067252510332	
-35.36235022879893,98.21538401962962	-38.361240227865096,98.29698532783554	-38.44284153607102,95.29809532876938	-35.44395153700486,95.21649402056346	
-24.800890824930818,78.718622771138	-25.805495581336267,81.5454176493362	-28.632290459534463,80.54081289293075	-27.62768570312901,77.71401801473255	
-67.38837604609571,121.70075200699982	-67.84232774540995,118.73529624865681	-64.87687198706693,118.28134454934258	-64.4229202877527,121.24680030768559	
-117.70417966968682,169.15873839738967	-115.70741888529527,169.2725205133659	-115.82120100127149,171.26928129775743	-117.81796178566304,171.1554991817812	
-45.17638202576754,105.34782758829803	-44.87197024921498,104.39528705357202	-43.91942971448897,104.69969883012458	-44.223841491041526,105.65223936485059	
-110.54348564286592,165.5827704830926	-113.21259580996197,164.21315341401655	-111.84297874088593,161.5440432469205	-109.17386857378987,162.91366031599654	
-97.45911425924416,152.89749196978568	-99.56823969239458,150.7640464215614	-97.4347941441703,148.65492098841096	-95.32566871101987,150.78836653663524	
-62.608212156880384,127.32444977126242	-63.46371043002678,129.13224475539187	-65.27150541415621,128.27674648224544	-64.41600714100981,126.46895149811603	
-10.268515004832281,50.277789121312686	-11.188106253117486,50.670665610908664	-11.580982742713465,49.75107436262346	-10.661391494428262,49.358197873027486	
-72.8383539783251,132.4177798898744	-73.50165617544803,133.16613154203526	-74.2500078276089,132.50282934491233	-73.58670563048597,131.75447769275146	
-98.84078426272599,154.94900495081149	-98.6821853193848,158.44540972931912	-102.17859009789245,158.6040086726603	-102.33718904123363,155.10760389415267	
-53.88769093172998,97.93739218243452	-56.81192449230818,98.60736090050135	-57.48189321037501,95.68312733992315	-54.55765964979681,95.01315862185632	
-32.55691624583878,66.24065507711973	-29.97272281174459,67.76444781078939	-31.49651554541426,70.34864124488358	-34.080708979508444,68.82484851121392	
-41.437112308096104,95.54341841865671	-40.326297535547276,97.20657521856684	-41.98945433545741,98.31738999111568	-43.10026910800623,96.65423319120553	
-64.67010081127026,102.94402158391317	-64.94790840920103,103.90465831990234	-65.9085451451902,103.62685072197156	-65.63073754725943,102.6662139859824	
-81.82061653180753,161.52241305026615	-83.72045586949545,162.14740144293717	-84.34544426216647,160.24756210524924	-82.44560492447854,159.62257371257823	
-84.5411002995956,157.20123222292952	-82.58967816197038,156.76310936255098	-82.15155530159186,158.7145315001762	-84.10297743921707,159.15265436055472	
-44.24845924558569,91.9333582116547	-45.42444037851615,92.35711330010982	-45.848195466971255,91.18113216717936	-44.672214334040795,90.75737707872425	
-106.6941691113481,186.10372283117104	-107.53827495285793,185.56754624801118	-107.00209836969807,184.72344040650134	-106.15799252818825,185.25961698966123	
-70.09016481346212,149.5456260444237	-70.60143864936492,148.68620818056397	-69.74202078550518,148.17493434466115	-69.23074694960238,149.03435220852091	
-29.106388142857767,94.61526907114641	-29.557207728844233,95.50788416226408	-30.449822819961895,95.05706457627761	-29.99900323397543,94.16444948515995	
13.815172911515361,17.51034799839632	14.548374789541407,16.83033696461887	15.22838582331886,17.563538842644913	14.495183945292814,18.243549876422367	
5.657079478240178,51.98465631876885	4.54729939352889,50.320808920844925	6.211146791452812,49.211028836133636	7.3209268761640995,50.87487623405756	
-9.025273038357227,49.190370764072306	-10.015388920125202,49.05011905937385	-9.875137215426745,48.06000317760587	-8.885021333658768,48.20025488230433	
-74.26299835002735,140.22376321915883	-75.88541778445546,139.0542525613237	-74.71590712662031,137.43183312689558	-73.0934876921922,138.60134378473072	
-117.11969186780306,192.4978705414822	-116.9198503131288,191.5180423151969	-115.94002208684351,191.71788386987117	-116.13986364151776,192.69771209615647	
-36.228976221104105,103.74664154208847	-36.543562783731254,104.95640817025046	-37.75332941189325,104.64182160762331	-37.4387428492661,103.43205497946131	
-47.21160457914523,86.76965442424623	-45.55386941419488,85.6507647411733	-44.434979731121956,87.30849990612366	-46.09271489607231,88.42738958919658	
-114.43204721039213,181.64954693967016	-114.86360466701616,179.69666236509025	-112.91072009243624,179.2651049084662	-112.4791626358122,181.21798948304613	
4.817870884207508,37.603681562650245	3.840872787538472,37.39043354013871	4.054120810050006,36.41343544346967	5.031118906719044,36.62668346598121	
-79.37822446331732,140.41469089683443	-78.76539678214037,141.20490747042885	-79.55561335573478,141.81773515160577	-80.16844103691173,141.02751857801138	
-56.056998477028586,129.49585207622238	-55.61434616643333,130.9290509221348	-57.04754501234574,131.37170323273006	-57.490197322941,129.93850438681764	
-20.94385589470116,71.01016126404785	-20.63653869139351,72.98640925874669	-22.612786686092345,73.29372646205434	-22.920103889399993,71.3174784673555	
-58.05377468523852,122.29380403442313	-59.24331818623466,121.90976463639495	-58.859278788206474,120.72022113539882	-57.66973528721034,121.104260533427	
-52.503107142350345,91.80214802493015	-52.55433437803157,94.80171062143059	-55.55389697453201,94.75048338574936	-55.502669738850784,91.75092078924892	
-103.10999899312488,160.37675297872892	-102.12544351695053,160.2016800958055	-101.95037063402712,161.18623557197986	-102.93492611020147,161.36130845490325	
18.083778764848688,33.27822587056734	16.43316822287477,40.08083454950254	9.630559543939565,38.43022400752862	11.281170085913484,31.62761532859342	
-6.910879247126232,32.993668331273746	-8.615078598430875,31.946909251536276	-7.568319518693405,30.24270990023163	-5.86412016738876,31.289468979969104	
-108.65499090906262,182.03653491526975	-108.80389909139734,183.0253859420851	-109.7927501182127,182.87647775975037	-109.64384193587797,181.88762673293505	
-9.394320697734003,35.99864686302443	-10.075234003344484,34.11812643765208	-8.19471357797213,33.437213132041606	-7.513800272361651,35.31773355741395	
-103.71191205644016,160.84992303100873	-106.33718093748335,159.39804035591882	-104.88529826239346,156.77277147487564	-102.26002938135026,158.22465414996552	
-47.52717953082086,103.6383589472592	-46.06450053278165,102.27433176692334	-44.70047335244578,103.73701076496255	-46.16315235048499,105.10103794529842	
-102.75668844604239,166.0856298739798	-98.2735522226924,159.45980995468776	-97.4453247327809,160.0202019826065	-101.92846095613088,166.64602190189854	
-11.299663789504834,56.60755756815862	-9.364417894449087,57.11235785111207	-9.869218177402537,59.047603746167816	-11.804464072458284,58.54280346321436	
-42.07938949031252,90.46455172055741	-43.68294621720094,89.26930872281557	-42.4877032194591,87.66575199592715	-40.88414649257068,88.860994993669	
-97.42580287794883,179.65181992612935	-95.59899128332819,180.46592028711663	-96.41309164431546,182.29273188173727	-98.2399032389361,181.47863152074999	
-0.5169882539588571,24.27395410403185	0.8532740489491912,25.730793567126234	-0.6035654141451924,27.101055870034283	-1.9738277170532406,25.6442164069399	
-107.0864898481588,179.72342640619095	-107.96459372679021,179.2449563670741	-107.48612368767337,178.3668524884427	-106.60801980904196,178.84532252755955	
-60.06745693081106,97.88782448714649	-59.183897994744676,96.0935771222335	-57.38965062983168,96.97713605829988	-58.273209565898064,98.77138342321288	
-42.86928633617458,107.32524664968146	-40.15508309007749,106.04731835009811	-38.87715479049414,108.76152159619521	-41.59135803659123,110.03944989577856	
-36.10084158699968,100.4909086507463	-34.48003648780335,98.93030273302743	-32.91943057008447,100.55110783222375	-34.540235669280804,102.11171374994264	
17.757797581254238,21.602292813694703	18.75325365903016,21.507070982064686	18.848475490660178,22.50252705984061	17.853019412884255,22.597748891470626	
-30.61771282107692,71.20692173736826	-30.06300127463854,70.0867453672158	-28.94282490448608,70.64145691365418	-29.49753645092446,71.76163328380665	
-35.329712067186435,78.66069150825437	-36.15483051472303,79.22565128340194	-36.71979028987061,78.40053283586536	-35.89467184233401,77.83557306071778	
-12.412784871794983,61.75380783138369	-12.11154660322166,62.7073567318324	-13.06509550367037,63.00859500040573	-13.366333772243694,62.05504609995701	
-0.4433203837294286,31.003240216989767	-1.0757969476570934,30.22866072069371	-0.30121745136103695,29.596184156766043	0.3312591125666291,30.370763653062102	
-77.38348659010484,131.28908810715097	-76.40975712239077,131.06138012813997	-76.18204914337977,132.03510959585404	-77.15577861109384,132.26281757486504	
-120.2334496625031,173.87352979954528	-118.23368696979189,173.90433844833746	-118.26449561858408,175.90410114104867	-120.2642583112953,175.8732924922565	
-128.60675898952277,182.68140999811968	-125.75306522250769,181.75597394733106	-124.82762917171905,184.60966771434613	-127.68132293873414,185.53510376513475	
-22.864805446917813,80.28637778653355	-23.82294914649304,80.57266549315801	-24.10923685311751,79.6145217935828	-23.15109315354228,79.32823408695832	
-73.88570320298021,148.80493741317542	-74.58787651229454,146.93225146948743	-72.71519056860654,146.23007816017312	-72.01301725929223,148.1027641038611	
-34.250693248868785,75.30821408626903	-32.89841573788632,75.95732542748182	-33.547527079099105,77.30960293846428	-34.89980459008157,76.6604915972515	
-69.44796613913134,124.91005816801133	-67.53874615002061,125.50577541065255	-68.13446339266183,127.41499539976327	-70.04368338177255,126.81927815712206	
-49.83235812254871,122.65963956132093	-53.28702381688919,117.75400148454162	-51.651811124629425,116.6024462530948	-48.19714543028894,121.50808432987411	
-61.02554659531775,124.74073740084147	-59.04157693754301,124.48802333904595	-58.78886287574749,126.47199299682069	-60.772832533522234,126.7247070586162	
-46.43525233475283,112.84291467857456	-45.51225887768359,113.22773032041799	-45.89707451952703,114.15072377748723	-46.82006797659627,113.7659081356438	
-17.323428119769147,73.66189963136242	-11.927836152531519,62.94333688614882	-10.141409028329253,63.84260221402176	-15.537000995566881,74.56116495923536	
-101.20263395342589,180.32596015798978	-99.2027152886164,180.30792313643258	-99.1846782670592,182.30784180124206	-101.18459693186868,182.32587882279927	
-63.810490826691506,130.15915766086349	-63.43945826308181,129.23053780497992	-62.51083840719824,129.60157036858962	-62.88187097080794,130.5301902244732	
-59.352715851890395,121.93234244962021	-59.17320304284292,122.91609808563348	-60.1569586788562,123.09561089468096	-60.33647148790367,122.11185525866769	
-83.90982710522411,155.942027947967	-84.63503914090232,155.2535023469125	-83.94651353984781,154.5282903112343	-83.2213015041696,155.21681591228878	
-92.39693689260717,145.9330417304349	-93.42227690173168,147.6502132028536	-95.13944837415036,146.6248731937291	-94.11410836502586,144.9077017213104	
-65.29657482343774,133.5774418611311	-65.7191001885752,131.62258321769534	-63.76424154513945,131.20005785255788	-63.34171618000199,133.15491649599363	
-124.78821371216567,179.8523944966845	-122.9658890713903,179.02829929367522	-122.14179386838101,180.8506239344506	-123.96411850915639,181.67471913745987	
-71.00173478123563,128.5156393028115	-69.04526680757738,128.1006295823837	-68.63025708714956,130.05709755604195	-70.58672506080781,130.47210727646976	
-41.41648788710273,80.3627892504601	-40.16728115479507,81.19314010398962	-40.9976320083246,82.44234683629729	-42.24683874063226,81.61199598276775	
-104.08993943937588,153.49395787354655	-103.16376759111625,153.8710595938971	-103.5408693114668,154.79723144215671	-104.46704115972643,154.42012972180618	
-30.76917524762922,63.47312682025596	-31.17241453834988,62.55803224895795	-30.257319967051863,62.15479295823729	-29.854080676331204,63.0698875295353	
-19.112930464589397,80.55442294260146	-18.319084020701897,79.94630467817655	-17.71096575627698,80.74015112206405	-18.50481220016448,81.34826938648897	
1.9143473565674753,8.034386930942015	0.9662094319409352,7.716527723296747	1.2840686395862027,6.768389798670206	2.232206564212743,7.086249006315475	
-1.819441835899994,7.061715657604614	-2.2673819769386743,8.493270626876226	-3.6989369462102863,8.045330485837546	-3.2509968051716065,6.6137755165659335	
-50.06355348847033,103.6238585051826	-48.26010996673393,102.75922478856788	-47.3954762501192,104.56266831030428	-49.19891977185561,105.42730202691901	
-41.381788208356866,85.74611047510152	-41.97535191325041,86.55089748309372	-42.78013892124262,85.95733377820018	-42.18657521634908,85.15254677020798	
-85.57324618391858,162.13365900780477	-94.92931571288545,158.60322518614237	-94.22322894855297,156.73201128034898	-84.8671594195861,160.26244510201138	
23.0491235248345,37.76201526975332	22.013491644287946,34.94643955455836	24.829067359482906,33.91080767401181	25.86469924002946,36.72638338920677	
-0.5848906281515553,12.799323231799049	0.3098887239067003,13.24583181080981	-0.1366198551040596,14.140611162868064	-1.0313992071623153,13.694102583857305	
-28.04907027323162,93.95638247064507	-30.127910334266947,91.79341598901973	-29.406921507058506,91.10046930200797	-27.32808144602318,93.2634357836333	
-97.49560895648443,155.60336006786608	-96.60476301467206,155.14905454516528	-96.15045749197128,156.03990048697764	-97.04130343378364,156.49420600967844	
-48.50375327381656,111.61344496890058	-47.56428735880688,111.95608734009106	-47.90692972999735,112.89555325510074	-48.84639564500703,112.55291088391026	
16.572388789404016,22.39642018526596	10.64247248934904,21.482039151810923	11.099663006076558,18.517081001783435	17.029579306131534,19.43146203523847	
-65.91131224875122,117.42195230412274	-64.63751805146694,114.70580644225065	-61.92137218959485,115.97960063953491	-63.195166386879116,118.69574650140702	
-37.98506717831425,80.08644636802394	-36.12172065854791,79.35985174426551	-35.39512603478948,81.22319826403185	-37.25847255455582,81.94979288779028	
-78.92227443887676,158.86846430876267	-78.40470410524394,158.01282364251122	-77.54906343899249,158.53039397614404	-78.06663377262531,159.3860346423955	
-35.99001407580006,86.19194116510678	-38.80200118962791,87.2372777002313	-39.84733772475242,84.42529058640345	-37.035350610924574,83.37995405127893	
-107.55093198908438,188.03612116466226	-107.2960129397633,189.00308356222135	-108.2629753373224,189.25800261154242	-108.51789438664348,188.29104021398334	
18.626190867891665,31.98300659253784	19.086292230418373,32.87087298800569	18.198425834950523,33.330974350532394	17.738324472423816,32.44310795506455	
-3.7603907552061457,26.280673843818633	-1.785413394332055,26.59605365299292	-2.1007932035063437,28.571031013867014	-4.075770564380435,28.255651204692725	
-58.849900679860795,119.6247397957372	-59.74627974090132,120.06802816568175	-60.189568110845876,119.17164910464122	-59.29318904980535,118.72836073469666	
-102.45626225434589,178.97419762110545	-102.19988310058226,180.45212513269573	-103.67781061217254,180.70850428645937	-103.93418976593617,179.2305767748691	
-38.193279883524966,100.03873495874467	-39.95593078292999,102.46629789445338	-42.38349371863869,100.70364699504836	-40.62084281923367,98.27608405933965	
1.1484634138301146,35.838482712923295	2.0119418446278226,36.342868477539156	1.50755608001196,37.20634690833686	0.6440776492142523,36.701961143721	
7.408371108633617,48.58044963323044	8.007905066988803,47.780100314008536	8.808254386210706,48.379634272363724	8.208720427855518,49.179983591585625	
-4.990581789062048,57.32956922020342	-8.407590431315366,50.096032606708874	-7.503398354628548,49.66890652642721	-4.08638971237523,56.90244313992175	
-93.49840153296856,143.189749638416	-95.01359880392135,141.8843082455924	-93.70815741109776,140.36911097463963	-92.19296014014496,141.6745523674632	
-0.9490974391518989,3.4987560297877938	-0.07061092770174837,3.9765231793493188	-0.5483780772632731,4.855009690799469	-1.4268645887134237,4.377242541237944	
-102.95341832868418,169.50249546239328	-103.94252368283144,169.64970483165092	-104.08973305208909,168.66059947750367	-103.10062769794183,168.51339010824603	
-114.45248507763654,170.42918472470643	-116.24255666205715,168.0217704016931	-113.8351423390438,166.23169881727245	-112.04507075462318,168.63911314028582	
-115.83231253165421,174.55250676240445	-114.8842132133581,174.23453241965578	-114.56623887060942,175.18263173795188	-115.51433818890554,175.50060608070055	
-75.4026654935395,142.91290348256848	-74.42637586386596,145.74960201413504	-77.26307439543253,146.72589164380858	-78.23936402510607,143.88919311224203	
-88.17712470772372,162.7180152589726	-89.04139400047725,162.21498584670795	-88.53836458821262,161.3507165539544	-87.67409529545908,161.85374596621907	
15.268749379562962,25.766112255330867	15.146146827942271,26.758568105399824	14.153690977873314,26.635965553779133	14.276293529494005,25.643509703710176	
-16.70082824967065,51.965999765406984	-18.813568530334102,56.4977023711019	-19.719909051473085,56.07515431496921	-17.607168770809633,51.543451709274294	
-6.85402002596885,-8.167145621569249	-7.465944746748176,-8.958061632343558	-6.675028735973867,-9.569986353122882	-6.063104015194543,-8.779070342348573	
-13.969504118214601,73.1588057050232	-13.588989851692995,74.08358075495346	-14.51376490162326,74.46409502147507	-14.894279168144866,73.5393199715448	
9.2453395049738,39.7638429422418	3.708429504168441,35.48101354533821	4.320262275154668,34.690026402366016	9.857172275960027,38.97285579926961	
-113.02253350513772,182.35734075131035	-111.95515535810854,180.6659792017756	-110.2637938085738,181.7333573488048	-111.33117195560297,183.42471889833953	
-35.80186202087934,67.74230077638875	-37.01869346945664,67.45625667882115	-36.73264937188904,66.23942523024384	-35.51581792331174,66.52546932781144	
-16.89887847962487,50.17354727738316	-16.30699526917739,50.97957101474477	-17.113019006539005,51.57145422519225	-17.704902216986483,50.765430487830635	
-33.94818220220087,91.99780676990662	-37.257419966865974,88.24961448336177	-36.507781509557006,87.58776693042876	-33.1985437448919,91.33595921697359	
-106.82715623145492,180.00245381226358	-106.44785521991496,180.92772714628157	-107.37312855393294,181.30702815782152	-107.75242956547291,180.38175482380356	
-60.558750683588926,135.08886270634184	-61.272120370156735,134.38807479956395	-60.57133246337884,133.67470511299615	-59.85796277681103,134.37549301977404	
-20.16009213692908,49.77664982496233	-19.168400030709655,49.90528406014907	-19.2970342658964,50.896976166368496	-20.288726372115825,50.76834193118175	
-56.99763765953442,110.64031918742658	-56.98546112066293,108.64035625479481	-54.98549818803115,108.6525327936663	-54.99767472690264,110.65249572629807	
-44.27325666819107,92.23001433724292	-43.363577404780415,90.17210674997845	-41.30566981751595,91.0817860133891	-42.2153490809266,93.13969360065357	
-4.118708478316265,28.4000238031974	-5.108341600664987,28.25640526974744	-4.964723067215027,27.266772147398715	-3.9750899448663035,27.410390680848675	
-49.50251408406315,86.49180652407752	-49.351353687822794,84.49752707159136	-47.35707423533665,84.64868746783172	-47.508234631577004,86.64296692031787	
-1.9598087291433473,50.90605221015317	-3.0380343227001934,50.27365236084975	-2.405634473396775,49.19542676729291	-1.3274088798399286,49.827826616596326	
-121.90871763009807,183.3801952173243	-123.88112099250057,183.71129184367874	-124.212217618855,181.73888848127623	-122.23981425645249,181.4077918549218	
-8.480977197972976,57.79188949136813	-5.49667512846667,57.48539127287351	-5.190176909972044,60.46969334237981	-8.17447897947835,60.77619156087444	
16.714705878826976,14.54207513360196	16.976356570374907,15.507237770473326	16.01119393350354,15.768888462021259	15.74954324195561,14.803725825149892	
-29.372494890162116,82.6403695114848	-29.852716939242967,81.76322255482555	-28.97556998258371,81.28300050574471	-28.495347933502863,82.16014746240396	
-12.97533400107811,77.55966336344804	-16.973583122186014,77.44132501142356	-16.943998534179894,76.44176273114658	-12.94574941307199,76.56010108317106	
-104.44912429153118,163.61117909541088	-107.4306059801994,163.27836241894158	-107.09778930373011,160.29688073027336	-104.11630761506188,160.62969740674265	
-93.95558713493618,162.09056957742663	-94.8628598395391,162.5111123689265	-95.28340263103897,161.60383966432357	-94.37612992643605,161.18329687282372	
-91.12258091079025,164.411131172951	-92.11998655262035,164.48311718301883	-92.19197256268818,163.48571154118872	-91.19456692085808,163.4137255311209	
-6.885274070118683,35.2623505956676	-7.415575101279905,33.333936528007506	-5.487161033619811,32.80363549684628	-4.9568600024585905,34.732049564506376	
3.7343068644960056,22.96990559996675	3.5267368887858717,23.948125772107815	2.548516716644807,23.740555796397683	2.7560866923549407,22.762335624256618	
0.7760814015044559,28.425515953439188	-0.08317567964476602,27.91397194898315	0.428368324811273,27.054714867833926	1.287625405960494,27.566258872289964	
-15.45771832215432,41.19228124830244	-16.01782661848088,42.02070064473529	-16.846246014913724,41.46059234840873	-16.286137718587167,40.63217295197589	
-66.87180627904583,115.85784311439558	-69.07213580642535,117.897095421233	-71.11138811326279,115.69676589385348	-68.91105858588327,113.65751358701606	
-0.7951099820442096,19.371743804311137	-0.10568644798589255,18.647385335949966	0.618672020375278,19.336808870008284	-0.07075151368303956,20.061167338369454	
-79.1385437092921,136.23243008793233	-78.73670831301878,139.20539633636199	-81.70967456144844,139.60723173263528	-82.11150995772175,136.63426548420563	
-47.11140761237678,114.57480060624316	-46.52525222020548,115.3849992585677	-47.335450872530025,115.97115465073901	-47.921606264701325,115.16095599841445	
-31.403084168347377,77.9047297797884	-30.980618685246654,80.11471233980747	-33.190601245265725,80.5371778229082	-33.613066728366455,78.32719526288912	
-54.22339540478724,106.86660878841322	-54.7425152521595,106.01190732938545	-53.887813793131734,105.49278748201318	-53.36869394575947,106.34748894104095	
-37.87759205303411,108.96627563823681	-38.543535074793,108.22027302981601	-37.7975324663722,107.55433000805712	-37.13158944461331,108.30033261647792	
-116.38991181146001,193.9421001180826	-116.64151072313074,192.97426852754316	-115.6736791325913,192.72266961587243	-115.42208022092056,193.69050120641188	
-89.36062530940578,164.98838877153716	-88.45010341619796,163.79635274775714	-87.25806739241796,164.70687464096494	-88.16858928562576,165.89891066474496	
-50.61729447718602,86.90247478472013	-50.67659226153604,85.90423444653939	-49.6783519233553,85.84493666218938	-49.61905413900529,86.84317700037012	
-100.75554755559239,172.0009315030318	-102.56780796424663,174.3916870763233	-104.95856353753813,172.57942666766905	-103.14630312888389,170.18867109437755	
-9.512678626867938,62.450868317905	-8.58425778413519,62.822398584208315	-8.955788050438503,63.750819426941064	-9.884208893171252,63.37928916063775	
-112.13176101071107,179.25275142598755	-109.60297132245125,180.86682165759174	-110.14099473298599,181.70975155367836	-112.66978442124581,180.09568132207417	
-65.82206665024081,105.99460140203871	-66.81235737288996,106.13361321677048	-66.95136918762175,105.14332249412134	-65.96107846497259,105.00431067938956	
-17.916589168175747,80.00775312962452	-16.314987118338152,78.42744592089704	-14.73467990961068,80.02904797073464	-16.336281959448275,81.60935517946211	
-105.24689362445835,192.64675688969027	-106.21871032843923,192.88249465472538	-106.45444809347434,191.9106779507445	-105.48263138949346,191.6749401857094	
-5.963162939326722,62.28063154354776	-3.0717120924331773,63.08032648538409	-3.871407034269503,65.97177733227764	-6.762857881163047,65.1720823904413	
-13.03505094504581,40.036380780056945	-11.53677558202486,41.36120942428398	-12.861604226251895,42.85948478730493	-14.359879589272845,41.534656143077896	
-111.69336950748819,191.49064707676337	-114.69252503661964,191.56182370270344	-114.76370166255971,188.56266817357198	-111.76454613342825,188.4914915476319	
-7.781900793703429,-9.395371221540096	-8.448071939003839,-10.14117012551431	-7.702273035029624,-10.807341270814721	-7.036101889729213,-10.061542366840506	
-30.093906555731365,98.62618581385647	-32.01941901224445,98.08544393475614	-31.478677133144124,96.15993147824305	-29.55316467663104,96.70067335734338	
-124.06177824377747,186.28838979166156	-124.73294978554036,185.54708771994746	-123.99164771382624,184.87591617818455	-123.32047617206335,185.61721824989868	
-2.9432297816997135,60.75454825328931	-3.7019917661843005,61.40591623753555	-4.353359750430542,60.647154253050964	-3.594597765945955,59.99578626880472	
-94.85475463899105,144.15823784893848	-96.51843807342335,145.67305052052384	-98.0332507450087,144.00936708609154	-96.3695673105764,142.49455441450618	
17.1058212744137,17.931758710216492	17.75817232029705,17.1738417537266	18.51608927678694,17.82619279960995	17.863738230903593,18.584109756099842	
15.374785423066271,30.97652796530079	13.449139859574569,31.51679564322047	12.908872181654889,29.591150079728767	14.834517745146593,29.050882401809087	
-41.80717231429139,84.55316696788302	-44.139408471511175,86.4401419298146	-46.02638343344276,84.1079057725948	-43.69414727622297,82.22093081066323	
21.40462797234494,17.21391235382434	19.21789503733074,15.160086881462052	21.271720509693026,12.973353946447851	23.45845344470723,15.02717941881014	
-104.22071742594267,185.78273688493954	-104.86553209192337,186.54707584543823	-105.62987105242205,185.90226117945753	-104.98505638644134,185.13792221895883	
-110.28429288639312,196.1085010941786	-108.1091640385778,195.53290184522007	-107.53356478961929,197.7080306930354	-109.7086936374346,198.28362994199392	
-94.15156845554512,150.8503320534793	-93.29690738382237,151.36951839043525	-93.81609372077831,152.224179462158	-94.67075479250106,151.70499312520204	
-68.52739521963176,129.58205036074696	-65.78657832760823,128.36224596478897	-64.56677393165022,131.1030628568125	-67.30759082367375,132.3228672527705	
-87.5847047275712,169.00180660450496	-86.51648695603961,167.31097521356614	-84.82565556510079,168.37919298509772	-85.89387333663237,170.07002437603654	
-100.49869760839526,173.64776691477616	-100.4385088768757,172.6495798999347	-99.44032186203425,172.70976863145427	-99.50051059355383,173.70795564629572	
9.460629926791256,40.79509598295876	12.235428070191464,39.65470339118049	13.375820661969735,42.4295015345807	10.601022518569529,43.56989412635897	
-58.895661065017606,132.3331569857283	-61.81275708139782,133.0335503260869	-62.51315042175643,130.11645430970668	-59.59605440537622,129.41606096934808	
-77.87907441277827,123.62932400240304	-79.31249102070333,123.1873773674746	-78.87054438577489,121.75396075954951	-77.43712777784982,122.19590739447797	
-100.36399826169233,152.92643119342023	-99.50707155255577,152.41099291858183	-98.99163327771737,153.26791962771838	-99.84855998685393,153.7833579025568	
-76.92122899535308,156.77984227140865	-77.5745752318414,156.02278302982543	-76.81751599025819,155.36943679333712	-76.16416975376987,156.12649603492034	
-81.58196630903026,160.63357705141118	-80.45114839292098,158.98395562799118	-78.80152696950097,160.11477354410044	-79.93234488561025,161.76439496752045	
-103.07121059809566,184.3821003343739	-104.2648297705727,185.29054585893508	-105.17327529513388,184.09692668645803	-103.97965612265683,183.18848116189685	
-53.11874630877249,87.15970749922276	-51.55427785849748,85.91373861193298	-50.30830897120771,87.478207062208	-51.872777421482716,88.72417594949778	
-45.239134195453715,88.7496390278796	-46.21552352303942,91.5863032450503	-49.05218774021014,90.6099139174646	-48.07579841262443,87.77324970029389	
-102.01996021128687,149.3319439674119	-100.03396912458804,149.5682475931835	-100.27027275035965,151.55423867988233	-102.25626383705848,151.3179350541107	
-72.91272818707881,127.20395424415501	-72.9528223075095,125.70449018606396	-71.45335824941846,125.66439606563327	-71.41326412898776,127.16386012372432	
-2.8458918347346014,34.40794869190676	-3.317220937834956,32.46427977036415	-1.3735520162923431,31.992950667263795	-0.9022229131919908,33.93661958880641	
-25.222055679018837,81.16246849604563	-24.716723641838282,80.29954350961927	-23.853798655411914,80.80487554679982	-24.359130692592466,81.66780053322618	
-53.36146022472148,96.70246148129061	-53.463685468657445,95.70770020364544	-52.468924191012285,95.60547495970948	-52.36669894707632,96.60023623735465	
-0.6505097266522739,39.9127246955077	1.1818725350287678,37.53735625101815	3.55724097951831,39.3697385126992	1.724858717837268,41.74510695718874	
-62.55816956676587,110.39985902145965	-61.80461287705159,109.74247609242448	-61.147229948016424,110.49603278213876	-61.9007866377307,111.15341571117392	
-76.19917112718487,131.02772988866315	-77.13148013324108,130.6660671766973	-76.76981742127525,129.7337581706411	-75.83750841521903,130.09542088260693	
-15.153141556995095,54.62763733007676	-15.882556867147796,53.94356620415867	-15.19848574122971,53.21415089400597	-14.469070431077009,53.898222019924056	
-1.2512126305948357,28.984424598763283	-2.0727996973446046,28.414341541876386	-1.5027166404577055,27.592754475126615	-0.6811295737079376,28.162837532013516	
-32.65190391212586,82.16551349314452	-31.191236141589133,81.82426627467194	-30.84998892311656,83.28493404520867	-32.310656693653286,83.62618126368125	
-71.71431967449438,145.3516335591856	-74.69043141344747,142.67903951645005	-74.02228290276359,141.93501158171176	-71.04617116381048,144.6076056244473	
-61.30318499878683,99.31834091304684	-62.09173536833294,98.70337073922644	-61.476765194512545,97.91482036968033	-60.68821482496643,98.52979054350072	
-96.88156720935248,159.9413450462409	-97.88601758021721,158.2118712960875	-96.15654383006381,157.20742092522278	-95.15209345919908,158.93689467537618	
-94.52673966174943,177.23691421259002	-95.41702790834466,176.7815167620324	-94.96163045778705,175.89122851543718	-94.07134221119182,176.34662596599478	
23.64650456124997,33.59213495025629	22.224361713187264,34.06911473987436	21.747381923569193,32.64697189181165	23.1695247716319,32.16999210219358	
4.757220168741469,48.51422987122363	3.7134516141101033,49.59151683594693	2.6361646493867994,48.54774828131556	3.6799332040181647,47.470461316592264	
-3.344536849926442,15.23939167500682	-5.203937797133291,8.4908638268368	-4.239862390251865,8.225235120092965	-2.3804614430450104,14.973762968262983	
18.935888511392818,15.333626214084687	17.276117606447624,14.217758595100511	18.3919852254318,12.557987690155318	20.051756130376994,13.673855309139492	
-105.59816829941006,181.8265443403625	-104.85124630167815,182.49145601066476	-105.51615797198043,183.2383780083967	-106.26307996971234,182.5734663380944	
-87.88863277320837,171.22048522086013	-88.88555008937234,171.14202590189538	-88.8070907704076,170.1451085857314	-87.81017345424362,170.22356790469615	
-57.632193963342814,95.25358550857949	-57.95182610768524,93.27929189001536	-55.97753248912111,92.95965974567292	-55.65790034477868,94.93395336423706	
-58.43550934194354,112.44852016895301	-59.53919022625606,114.11641959805631	-61.20708965535937,113.0127387137438	-60.10340877104685,111.34483928464049	
-17.029526623479853,65.88912211098038	-15.893639096427597,64.90944893798486	-14.913965923432077,66.04533646503712	-16.049853450484335,67.02500963803264	
-53.940151301869875,104.03983112158043	-53.51633064870175,103.1340849905105	-52.61058451763182,103.55790564367864	-53.03440517079995,104.46365177474857	
-84.95482816046817,141.1211395430102	-85.93099037132103,138.28439716166804	-83.09424798997887,137.30823495081518	-82.118085779126,140.14497733215734	
-64.25813979716017,140.37497221974485	-63.84947309237828,142.3327749484187	-65.80727582105212,142.74144165320058	-66.21594252583401,140.78363892452674	
-7.030016748429915,68.82072370423596	-8.281544583571366,67.26069867947957	-6.721519558814983,66.00917084433813	-5.469991723673532,67.56919586909451	
-57.25521615973727,100.61096771941938	-59.857048432663476,99.11749230162381	-59.35922329339829,98.25021487731507	-56.757391020472085,99.74369029511064	
-51.20710762268449,91.20198126632378	-51.66855588489105,90.31481414491624	-50.78138876348351,89.85336588270968	-50.319940501276946,90.74053300411722	
20.09568649591344,11.048671302478374	19.81950484428273,12.00977675730762	18.858399389453485,11.73359510567691	19.134581041084193,10.772489650847664	
-89.00096951221741,162.85329856714537	-88.70627230930914,164.0680633833127	-89.92103712547647,164.36276058622096	-90.21573432838474,163.14799577005363	
-107.63080759311023,186.052984511894	-107.15087357241586,186.93028909741727	-108.02817815793912,187.41022311811165	-108.5081121786335,186.53291853258838	
-10.681582274235126,15.529794027749388	-10.020730082470143,16.28031010395257	-10.771246158673325,16.94116229571755	-11.432098350438308,16.19064621951437	
-109.88659540341835,187.12580999286652	-112.80510070899427,186.43131249011705	-112.1106032062448,183.51280718454115	-109.1920979006689,184.20730468729062	
-105.19003639809199,175.1037547274705	-105.91021844786627,174.40996959129149	-105.21643331168728,173.6897875415172	-104.496251261913,174.3835726776962	
-104.63643673970842,182.95876086169324	-104.58265259204424,180.7094037834462	-102.3332955137972,180.76318793111037	-102.38707966146139,183.0125450093574	
-56.349574575697005,124.94941475408156	-55.00634045565456,126.43121166957093	-56.48813737114392,127.77444578961337	-57.83137149118637,126.29264887412401	
-7.034757207647985,-4.269869950773549	-7.969259626742314,-4.625826730041548	-7.613302847474314,-5.560329149135877	-6.6788004283799856,-5.204372369867878	
-36.0096930353928,103.2076380440676	-37.25438935000602,100.47803531026396	-36.344521772071474,100.06313653872623	-35.09982545745826,102.79273927252986	
5.104126230823368,34.34662754071362	0.27796002584670365,33.03967698237519	0.5393501375143908,32.07444374137985	5.365516342491055,33.38139429971829	
-66.59972558041477,109.14706780457703	-67.71659031348824,108.1457620730361	-66.7152845819473,107.02889733996263	-65.59841984887383,108.03020307150356	
-88.99909623199684,135.41623931105585	-89.16841995809693,137.4090587900302	-91.16123943707127,137.2397350639301	-90.99191571097118,135.24691558495576	
-108.09226534202087,168.79158067319173	-111.08540139015777,168.99440226312592	-111.28822298009194,166.00126621498902	-108.29508693195504,165.79844462505483	
-102.26144999410062,187.7157154751759	-101.57399903021316,188.44194627337313	-102.30022982841041,189.1293972372606	-102.98768079229787,188.40316643906334	
-69.88892152084773,124.08735122910814	-69.81141989082415,125.0843434544257	-70.80841211614174,125.16184508444928	-70.8859137461653,124.16485285913171	
-5.088481838318728,51.99593905069431	-5.516685797665109,50.55835727242913	-4.079104019399926,50.13015331308275	-3.650900060053546,51.56773509134793	
-2.8968227620560754,30.660732531741182	-3.007099162539997,31.65463349033631	-4.001000121135123,31.544357089852387	-3.890723720651201,30.55045613125726	
-103.92575844128291,176.5203653224877	-104.37104907401206,175.62497923123786	-103.47566298276222,175.1796885985087	-103.03037235003306,176.07507468975854	
-109.49967073975408,192.50410038747754	-106.49968251492228,192.49569498025585	-106.4912771077006,195.49568320508763	-109.4912653325324,195.50408861230935	
-47.61109728170878,92.90351212309413	-47.221104308497615,93.82432995570052	-48.141922141104004,94.21432292891167	-48.53191511431516,93.2935050963053	
1.9381303178997484,19.614375503941126	2.508655655465396,20.435655504425494	1.687375654981027,21.006180841991142	1.1168503174153799,20.184900841506774	
-81.30185722328301,134.80847655189808	-80.72913728698951,133.9887254466399	-79.90938618173135,134.5614453829334	-80.48210611802484,135.38119648819156	
19.676987908673624,35.22555238476108	19.617990579208637,34.227294244240305	20.616248719729416,34.16829691477532	20.675246049194403,35.166555055296094	
-77.36648114431134,119.67313436711656	-74.90400641307698,117.95959469788437	-73.19046674384481,120.42206942911872	-75.65294147507915,122.1356090983509	
-8.647397029965902,32.35365726439521	-8.976135295590277,33.298078331882735	-9.920556363077802,32.96934006625836	-9.591818097453427,32.024918998770836	
-27.179983085170946,81.60363529798111	-26.40339329228744,82.23364188016035	-27.033399874466667,83.01023167304385	-27.809989667350173,82.38022509086463	
-31.755576488278933,77.24539169636607	-32.576483693067395,77.81645330523712	-33.14754530193845,76.99554610044866	-32.32663809714999,76.42448449157762	
-98.35930161740941,158.8218562050614	-98.6927843981726,159.76461239567192	-99.63554058878312,159.43112961490874	-99.30205780801992,158.48837342429823	
-80.3605999332502,122.59040959259231	-78.61256712472584,124.00705397292298	-80.02921150505651,125.75508678144733	-81.77724431358087,124.33844240111667	
17.515272321996264,23.396551510891463	16.527852567142357,23.23843058335735	16.685973494676468,22.251010828503443	17.673393249530374,22.409131756037556	
-70.6164177066751,119.4271300641878	-69.14272199167124,118.07501285788531	-67.79060478536874,119.54870857288918	-69.2643005003726,120.90082577919166	
-40.3757622664652,89.26466517827616	-40.03138824753927,88.32583263991333	-39.09255570917644,88.67020665883926	-39.43692972810237,89.6090391972021	
-7.690314771655139,65.88454756517903	-8.344824908859723,66.64060079101465	-9.100878134695336,65.98609065381007	-8.446367997490754,65.23003742797445	
-77.1659818219024,156.83940861694492	-78.91672981850272,157.80630129578782	-79.88362249734561,156.0555532991875	-78.1328745007453,155.0886606203446	
-24.700115491221837,52.322791820597324	-23.16530236216116,51.0404702311109	-22.52414156741795,51.80787679564124	-24.05895469647863,53.090198385127664	
-13.393442933267423,61.69885449268377	-14.008770099020932,63.60184489704365	-15.911760503380805,62.986517731290135	-15.296433337627295,61.08352732693026	
-2.082328200846632,35.58462727909393	-1.605081534987915,34.7058579009709	-0.7263121568648843,35.18310456682961	-1.2035588227236018,36.061873944952644	
-10.276324636135328,48.95183339351127	-11.270744323881559,48.846337020954245	-11.16524795132453,47.851917333208014	-10.1708282635783,47.95741370576504	
-20.61727777453781,46.541944264234786	-19.743814402806407,47.02883412677416	-20.230704265345775,47.90229749850556	-21.104167637077182,47.41540763596619	
-45.857294064440566,78.71413444229736	-44.483380839343035,79.31609993126006	-45.08534632830573,80.6900131563576	-46.459259553403264,80.0880476673949	
-74.16575405113448,127.18042569579582	-74.48470400837117,128.12819725307043	-75.43247556564576,127.80924729583374	-75.11352560840909,126.86147573855914	
-91.98669294808826,153.65971518460074	-91.29381068963208,155.8003726013577	-93.43446810638906,156.4932548598139	-94.12735036484524,154.35259744305694	
-40.381502406673846,74.32212475284476	-40.05415642600476,72.34909545530765	-38.08112712846764,72.67644143597673	-38.408473109136736,74.64947073351385	
-45.67183302706654,83.65216775322808	-46.63416876289966,83.3803039425829	-46.36230495225448,82.41796820674978	-45.39996921642136,82.68983201739496	
-110.56130248738816,190.0648738939658	-111.56105544487953,190.08710054434923	-111.58328209526296,189.08734758685787	-110.58352913777159,189.06512093647444	
-118.09693703587132,188.47390258571815	-116.68857969616708,187.05385695134535	-115.2685340617943,188.4622142910496	-116.67689140149854,189.88225992542237	
1.6955259793774644,15.320818562931427	3.12905122283333,15.762412693751573	2.687457092013184,17.19593793720744	1.253931848557318,16.754343806387293	
-5.028050049535651,37.67958630723791	-3.0560940545058646,37.34583557140938	-2.7223433186773325,39.31779156643917	-4.694299313707119,39.6515423022677	
-120.86811029299042,180.69600162918186	-121.28007263970494,181.607202498853	-122.19127350937609,181.1952401521385	-121.77931116266157,180.28403928246735	
-101.73030113960229,161.74627193291724	-101.84539771429877,163.7429573809769	-103.8420831623584,163.6278608062804	-103.72698658766193,161.63117535822076	
-36.68424022432603,106.87184530306054	-38.61544545555773,107.39188987313442	-39.135490025631604,105.46068464190272	-37.2042847943999,104.94064007182884	
-52.563214007537184,102.18006591600744	-50.56331209576385,102.16025825876656	-50.54350443852298,104.1601601705399	-52.54340635029631,104.17996782778077	
-100.94661804101675,184.49618993695034	-100.39100107509974,185.32762832142942	-101.22243945957882,185.88324528734643	-101.77805642549583,185.05180690286736	
-73.9624588291448,134.88792327722243	-74.96120435676806,134.83784962094978	-74.9111307004954,133.8391040933265	-73.91238517287213,133.88917774959916	
-6.819787289118722,39.17069640882511	-10.024776791086616,36.777363525109266	-9.426443570157655,35.97611614961729	-6.221454068189761,38.36944903333313	
-89.96415567662456,173.14148099084323	-90.78577870025775,174.96492158681446	-92.60921929622897,174.14329856318125	-91.78759627259576,172.31985796721003	
-60.498722939476934,109.91227455962277	-61.17332370842675,109.17409178921133	-60.4351409380153,108.49949102026152	-59.760540169065486,109.23767379067296	
-1.022608840181448,36.857309929959676	-1.305453520008435,37.81647565447946	-2.2646192445282227,37.533630974652475	-1.9817745647012357,36.57446525013269	
-72.48664483985368,134.18475871268276	-73.48187008764448,134.08715386567334	-73.38426524063507,133.09192861788256	-72.38903999284427,133.18953346489195	
-44.02899058412527,94.5483755606991	-43.26736514148106,93.90035805698719	-42.61934763776915,94.6619834996314	-43.380973080413355,95.3100010033433	
-32.436389127746736,62.11054622756516	-32.84117758570596,61.19613586875299	-31.926767226893784,60.791347410793776	-31.521978768934567,61.70575776960594	
-102.57956469684319,155.42141004690268	-103.31626019765642,156.09763466866792	-103.99248481942166,155.3609391678547	-103.25578931860845,154.68471454608945