-0.8830319713650088,-4.822469109829308	-1.5109445735478504,-5.1476240944442955	-1.1857895889328625,-5.775536696627137	-0.5578769867500217,-5.45038171201215	
-3.7592193145868604,0.18285350584428084	-4.757434859620844,0.12313980848339759	-4.697721162259961,-0.8750757365505861	-3.6995056172259777,-0.8153620391897027	
0.5944802460447995,-0.8519925228870315	1.446056171681553,-1.3762238104652402	1.9702874592597617,-0.524647884828486	1.1187115336230078,-4.165972502777615E-4	
3.5079299323657605,3.629408622122658	2.5101430647971377,3.6959019819986336	2.443649704921162,2.698115114430011	3.4414365724897853,2.6316217545540352	
3.4925084318844313,0.7730877861335737	2.5879047201989334,1.1993413782648543	2.1616511280676525,0.2947376665793563	3.066254839753151,-0.1315159255519246	
0.10554787337173277,-1.5225179048553308	-0.8944325264063678,-1.5287788999543643	-0.8881715313073344,-2.528759299732465	0.11180886847076675,-2.5224983046334315	
4.42630002848248,3.7953383830311784	4.043553720378041,4.3899014693663645	3.448990634042855,4.007155161261926	3.8317369421472938,3.4125920749267395	
0.7554986702206739,-4.508921772512403	0.5092178341809693,-3.846090157545537	-0.15361378078589705,-4.0923709935852415	0.09266705525380747,-4.755202608552108	
3.6077555507465906,0.5984984269948574	4.127022053707411,0.9333152694467972	3.7922052112554714,1.4525817724076178	3.272938708294651,1.117764929955678	
-3.173744735957114,-2.55251804606117	-3.5250042014951006,-1.9388269284213853	-4.138695319134885,-2.290086393959372	-3.787435853596899,-2.9037775115991566	
1.6483871060944324,-4.340184015127873	1.6617379990273036,-3.6332032843735647	0.9547572682729958,-3.619852391440694	0.9414063753401243,-4.326833122195001	
2.658957591255392,-0.0452595034999943	2.070713014969253,0.347128465823659	1.6783250456455994,-0.24111611046248038	2.2665696219317386,-0.6335040797861338	
0.9528401074429027,3.2494494853637628	0.5275004152740476,2.6845723781398076	1.0923775224980028,2.2592326859709524	1.5177172146668578,2.8241097931949075	
-1.8324124040435654,-0.45639877462696266	-2.4495465943506884,-0.8015732104619069	-2.104372158515744,-1.41870740076903	-1.4872379682086212,-1.0735329649340857	
-2.8859525265192865,-1.3152301259170027	-2.6198055590996487,-1.872819410982612	-2.0622162740340397,-1.6066724435629745	-2.328363241453677,-1.049083158497365	
1.8923330192396417,-1.1574830574409072	1.4918374859906083,-1.7402380040930763	2.074592432642778,-2.1407335373421095	2.475087965891811,-1.5579785906899408	
-2.4644242980396314,-0.11477404164891958	-1.923807176043745,-0.41389466362529187	-1.624686554067373,0.12672245837059493	-2.1653036760632594,0.42584308034696694	
-4.545011271303531,0.3432409309529385	-4.681393185714032,0.9458519103653401	-5.284004165126433,0.8094699959548401	-5.147622250715933,0.2068590165424386	
-2.9049811369414504,1.4569191789861842	-3.2758468677557286,0.9627546023578728	-2.7816822911274173,0.5918888715435946	-2.410816560313139,1.086053448171906	
0.20629786958686314,-0.02445320694736708	0.6998910702172059,-0.39607905558836387	1.0715169188582025,0.0975141450419791	0.5779237182278598,0.46913999368297576	
-3.5503891455487873,-1.854137141713438	-3.151280951654417,-2.437843103278311	-2.5675749900895433,-2.038734909383941	-2.966683183983914,-1.4550289478190672	
-0.9797273818714087,-2.426007464738568	-1.4588304209588305,-2.816136029475685	-1.0687018562217134,-3.295239068563107	-0.589598817134291,-2.9051105038259895	
-2.9953808013894636,0.3454714390197635	-3.4472062955398672,0.7668901641879629	-3.8686250207080666,0.315064670037559	-3.416799526557663,-0.10635405513064028