40.94001578179919,-6.661648990847617	40.574325263605175,-7.85696085178726	41.76963712454482,-8.222651369981275	42.13532764273883,-7.0273395090416315	
-5.008529432887823,-2.1970356000731837	-5.948184557268717,-2.539158746359322	-5.606061410982578,-3.4788138707402165	-4.666406286601684,-3.136690724454078	
27.038987124711245,-7.0389158041274635	27.642095798105593,-6.241256774167603	26.844436768145734,-5.638148100773252	26.241328094751385,-6.435807130733113	
58.26185109963302,-11.061338976932458	58.61621676711138,-13.029694883193471	59.60039472024189,-12.852512049454292	59.246029052763525,-10.884156143193279	
45.87878460425587,-10.866696896652808	47.857591675330774,-10.576313399422066	47.56720817810003,-8.597506328347162	45.58840110702513,-8.887889825577902	
1.8413796713129393,-11.078840231436862	0.8448447793714832,-10.995664458863171	0.7616690067977923,-11.992199350804627	1.7582038987392488,-12.075375123378318	
2.0936630800319413,6.290087622390253	2.957683832553635,6.79354381632558	2.454227638618308,7.657564568847274	1.590206886096614,7.154108374911947	
33.99343402007871,-6.3725189768907695	32.115754874702745,-5.68380929420858	31.771400033361655,-6.622648866896561	33.649079178737615,-7.31135854957875	
18.682073180461597,-1.6860314081927292	17.992006786714438,-8.40066530530289	24.7066406838246,-9.09073169905005	25.396707077571758,-2.376097801939888	
31.226111758231657,-11.144844785518607	32.608385503973324,-9.36950839715912	30.833049115613832,-7.987234651417456	29.45077536987217,-9.762571039776944	
50.87470981083949,-11.122871960239612	51.09175102899093,-8.130733409031908	48.09961247778322,-7.913692190880474	47.88257125963179,-10.90583074208818	
38.58258043385723,-6.763047613181643	37.832365417403075,-8.34408443409591	39.41340223831734,-9.094299450550066	40.163617254771495,-7.513262629635799	
28.40525989938863,-6.418223676942424	30.779689677084644,-4.584625239227545	28.946091239369768,-2.210195461531529	26.57166146167375,-4.043793899246408	
27.623082225152327,-9.135711281252743	28.355056492385124,-8.454379003939382	27.673724215071765,-7.722404736706585	26.941749947838968,-8.403737014019946	
52.05627624354132,-9.797711769313953	52.46550550491253,-11.75539698702327	54.42319072262185,-11.346167725652062	54.01396146125064,-9.388482507942744	
5.45808127208138,6.854041822212036	-0.4527366130112842,5.823395457415315	-0.2809622188784964,4.838259143233204	5.6298556662141666,5.8689055080299255	
15.18664907941513,-4.235041562822813	18.012822413820757,-3.2286895946255143	17.006470445623457,-0.40251626021988685	14.18029711121783,-1.4088682284171856	
32.38443919050533,-3.9856522913574057	35.93198655999166,-8.82454758483614	36.73846910890478,-8.233289689921753	33.19092173941846,-3.394394396443018	
26.37326381548071,-5.558855760709061	26.125093027194044,-4.590139465893507	25.15637673237849,-4.838310254180169	25.404547520665155,-5.807026548995724	
-15.483380866659694,13.438067267058369	-15.706657556129661,12.463312159382943	-14.731902448454235,12.240035469912975	-14.508625758984268,13.214790577588401	
13.214362819453417,-6.664717841920175	13.19607860771056,-10.664676052652	14.196068160393516,-10.669247105587715	14.214352372136373,-6.66928889485589	
31.629083898077514,-4.603599870759906	29.317129703771176,-7.867779370026043	30.133174578587713,-8.445767918602629	32.44512877289405,-5.1815884193364905	
7.338263159615245,5.8012543343332865	5.512587033025734,4.984610788591866	6.329230578767154,3.1589346620023546	8.154906705356666,3.9755782077437756	
30.745563128461317,-4.437891130701896	31.688894326682515,-4.106038376513293	31.357041572493912,-3.162707178292097	30.413710374272714,-3.494559932480699	
44.52714888187843,-10.71177481404538	45.09350894567398,-7.765720456410834	42.14745458803944,-7.199360392615283	41.58109452424389,-10.145414750249829	
36.44825872696114,-7.591475850068591	37.21709375915841,-8.230923027923202	37.85654093701302,-7.462087995725934	37.087705904815756,-6.8226408178713225	
31.659976356344014,-8.594687338157737	33.048306869779985,-9.16261196824751	33.61623149986976,-7.774281454811536	32.22790098643379,-7.206356824721763	
15.430884959720142,1.4780505981541747	15.48421355353473,-0.02100112246181496	16.983265274150718,0.03232747135277192	16.929936680336134,1.531379191968762	
-0.5267248110025804,8.121166499896326	-0.7134312223916393,7.138750744756874	0.26898453274781275,6.952044333367815	0.4556909441368715,7.934460088507267	
-16.484929427530314,5.916515452720006	-17.00101434890814,5.059978031513878	-16.144476927702012,4.543893110136053	-15.628392006324187,5.40043053134218	
-2.3309999805352817,0.6932732097820384	-1.3886921313847136,0.3585256669542679	-1.0539445885569432,1.300833516104837	-1.9962524377075117,1.635581058932607	
25.00971058803628,-10.354031058188939	26.0093692433853,-10.380157152152425	26.035495337348788,-9.380498496803405	25.03583668199977,-9.35437240283992	
28.118789268577085,-10.365474677573028	28.782373043713342,-9.617372696974181	28.034271063114495,-8.953788921837926	27.37068728797824,-9.701890902436773	
-10.914738475593484,11.780361044486074	-11.286603683532444,12.708647782043233	-12.214890421089605,12.336782574104273	-11.843025213150643,11.408495836547115	
-17.367818454329736,12.350842748750999	-16.13535530531098,12.559492182756392	-16.34400473931637,13.79195533177515	-17.57646788833513,13.583305897769755	
60.314227890808084,-10.863924600806337	60.07588355899114,-9.892743886680107	59.10470284486491,-10.131088218497053	59.34304717668186,-11.102268932623282	
14.799262460826558,2.935057411966472	15.684382561742986,3.400420073719318	15.219019899990139,4.285540174635745	14.333899799073711,3.820177512882899	
17.35319221564276,-5.473220234957184	16.54377955982705,-6.060460520194294	17.131019845064163,-6.869873176010001	17.94043250087987,-6.282632890772892	
-1.0618097684965377,2.751876997666553	-1.3943954503855907,1.8088039547889647	-0.45132240750800234,1.4762182728999118	-0.11873672561894932,2.4192913157775	
-5.383674791561839,-4.3305125197883445	-5.994601123346011,-3.538825070643964	-6.786288572490392,-4.149751402428136	-6.175362240706219,-4.941438851572516	
-17.083155472639618,3.119141991266428	-16.217241542639826,3.6193350198387155	-16.717434571212113,4.485248949838507	-17.583348501211905,3.985055921266219	
21.082666825357702,1.9082022879031673	21.50655763108718,2.8139155895709815	20.600844329419367,3.2378063953004608	20.17695352368989,2.332093093632646	
-6.7396910163670345,10.558172040718084	-6.593946584098777,12.302092497752408	-8.337867041133102,12.447836930020664	-8.483611473401357,10.703916472986341	
27.12628649586527,-3.2927777823266347	27.508114420275874,-2.3685443506978654	26.583880988647103,-1.986716426287262	26.2020530642365,-2.910949857916031	
32.29796059245106,-10.095870025371077	33.213199925720254,-10.498780639325293	33.61611053967447,-9.5835413060561	32.700871206405274,-9.180630692101884	
12.302118268689188,4.628820340596128	9.30591617053128,4.477913127401578	9.356218574929462,3.4791790946822756	12.352420673087373,3.6300863078768253	
14.20119418048412,-10.719377002283242	13.338233202195438,-11.224647573315279	13.843503773227475,-12.08760855160396	14.706464751516156,-11.582337980571923	
2.2731042223162454,-6.197889558536896	2.094987428806602,-5.213880204988952	1.1109780752586575,-5.391996998498595	1.2890948687683013,-6.37600635204654	
40.83994802413129,-9.836362133905617	41.047223629677774,-8.858079545209826	40.06894104098198,-8.650803939663339	39.8616654354355,-9.62908652835913	
28.51798355160518,-8.695438010036389	29.192684635103333,-9.433529093796663	29.930775718863607,-8.75882801029851	29.256074635365454,-8.020736926538234	
19.382179635935547,-0.7484501259074836	19.435790427678047,-1.7470120333567625	20.434352335127322,-1.6934012416142648	20.380741543384826,-0.6948393341649851	
24.843738555135776,-7.8864511913576125	25.56164618842478,-8.582589561270794	26.25778455833796,-7.864681927981789	25.539876925048958,-7.168543558068608	
-19.2136500090769,14.002262856190058	-19.12393140075464,12.504948403137288	-17.62661694770187,12.594667011459551	-17.71633555602413,14.09198146451232	
1.20994139905088,4.79245590071697	1.565211303775207,3.8576921365513024	2.4999750679408743,4.212962041275629	2.1447051632165475,5.147725805441297	
58.124419440881,-11.109658753568462	58.6877536011092,-10.283429594121769	57.8615244416625,-9.720095433893569	57.29819028143431,-10.546324593340263	
3.8363901045205147,3.5364136719357404	5.0926771344795805,4.356012902265192	4.27307790415013,5.612299932224257	3.016790874191064,4.792700701894806	
-9.528606427091688,11.242940714088355	-9.79659059052355,12.206364031301367	-10.760013907736562,11.938379867869507	-10.4920297443047,10.974956550656493	
33.29141673773246,-11.142542638598087	32.737462758483666,-10.309995349325925	31.904915469211506,-10.86394932857472	32.4588694484603,-11.696496617846881	
26.79095358068425,-8.681041970860676	26.253014290222055,-9.52402555301221	27.09599787237359,-10.061964843474403	27.63393716283578,-9.218981261322869	
-18.64944065682678,6.193231456347782	-19.858689486346954,6.509802567323007	-20.17526059732218,5.300553737802833	-18.966011767802005,4.983982626827608	
18.34251988997706,1.9065678658457905	19.3381413920837,2.662370634127909	18.582338623801583,3.657992136234551	17.58671712169494,2.902189367952433	
-12.995098235580581,12.15125217163073	-12.554021188966843,13.048721412858809	-13.451490430194921,13.489798459472548	-13.89256747680866,12.592329218244469	
16.728190218133673,-4.5155405770434385	17.593127142794973,-5.017421156820594	18.095007722572127,-4.152484232159294	17.230070797910827,-3.650603652382139	
0.7826219347359249,-9.46426371593384	1.9874039028372066,-9.797430955226664	2.3205711421300306,-8.592648987125381	1.115789174028749,-8.259481747832558	
12.511012546701036,3.332133440670127	13.905234573374585,2.7788297805174933	14.458538233527218,4.173051807191042	13.06431620685367,4.7263554673436765	
36.166765520288024,-7.423820074128657	36.98444898825984,-6.848151987289042	36.40878090142023,-6.030468519317225	35.59109743344841,-6.60613660615684	
18.32500600237606,-0.5051648760120635	18.386269036083696,-1.5032865322749345	19.384390692346567,-1.442023498567297	19.32312765863893,-0.44390184230442553	
16.042466517506636,2.6520446121730323	15.150601465894956,3.1043462037175424	14.698299874350447,2.2124811521058634	15.590164925962124,1.7601795605613533	
8.10128584215267,4.370787002164587	9.00351862900371,3.9395376562740596	9.434767974894235,4.841770443125099	8.532535188043196,5.273019789015626	
34.609502292406745,-8.401748939275356	34.655387499860836,-7.402802220107163	33.65644078069264,-7.356917012653074	33.61055557323855,-8.355863731821268	
28.675726560134077,-8.138758468919233	29.454367370804224,-7.511288558916422	28.826897460801412,-6.732647748246275	28.048256650131265,-7.360117658249086	
52.57170504544186,-9.075567019209876	52.19125265191016,-8.150766513016242	51.26645214571653,-8.531218906547943	51.646904539248226,-9.456019412741576	
57.49728926417677,-10.097832548858653	57.611640029170246,-9.104392111517084	56.61819959182868,-8.990041346523608	56.5038488268352,-9.983481783865177	
-20.466760219730077,13.677628626632977	-20.255492587846657,12.700200374678712	-19.278064335892388,12.911468006562133	-19.48933196777581,13.888896258516398	
-17.444513466608594,4.660627557773491	-16.867093498473047,5.477074849641339	-17.683540790340892,6.054494817776887	-18.260960758476443,5.23804752590904	
6.1016389832892415,5.270232327881391	6.967521241650915,5.770480181104658	6.467273388427648,6.636362439466333	5.6013911300659744,6.136114586243065	
46.219126145445244,-7.4774430023553915	45.33901303398461,-7.952207060636	45.81377709226521,-8.832320172096638	46.69389020372585,-8.357556113816031	
14.441314196546163,-9.54905364004905	14.384516546498213,-10.547439350558285	15.382902257007448,-10.604237000606236	15.439699907055399,-9.605851290097	
55.384358866967005,-11.293816644991223	54.39881404541555,-11.463231534281128	54.56822893470546,-12.448776355832583	55.55377375625691,-12.279361466542678	
15.286535191885132,-9.197600499936817	15.869115382871122,-8.384827271372583	15.056342154306888,-7.802247080386594	14.473761963320898,-8.615020308950827	
-1.790337231396883,1.6105957310533245	-1.2555185410793785,2.455562575661484	-2.100485385687538,2.9903812659789883	-2.6353040760050424,2.145414421370829	
57.897435355268684,-12.417573876016117	57.95810013198487,-11.41941567970354	56.95994193567229,-11.358750902987355	56.89927715895611,-12.356909099299932	
38.14210237740602,-8.815426807823115	37.47584788740957,-8.069702358338205	36.73012343792466,-8.735956848334652	37.39637792792111,-9.481681297819563	
-8.51189445007449,11.64294858816686	-8.824363881861014,12.592876403423896	-9.774291697118052,12.28040697163737	-9.461822265331525,11.330479156380335	
-0.5632452340630572,-3.4121354503494477	-0.009986283876645463,-4.245144774450102	0.8230230402240093,-3.6918858242636907	0.2697640900375976,-2.858876500163036	
-2.440481358464691,-1.4416180268147816	-1.6802898469247816,-2.091317084673624	-1.0305907890659387,-1.3311255731337148	-1.7907823006058483,-0.6814265152748722	
21.766455139704664,-1.8360592199065575	22.756031809965986,-1.9800662116622185	22.900038801721646,-0.990489541400896	21.910462131460324,-0.8464825496452355	
30.284720319437934,-6.470108639511975	29.557358507156664,-5.783854463542964	28.871104331187652,-6.511216275824234	29.598466143468922,-7.197470451793245	
26.00216993617727,-2.942425260314149	25.36605973057015,-3.714023475917623	26.137657946173622,-4.3501336815247456	26.773768151780747,-3.578535465921271	
39.71025737190631,-5.979275357010572	39.5143235249985,-6.95989247272695	40.49494064071489,-7.155826319634754	40.690874487622686,-6.175209203918375	
0.3155529205711467,6.498357168227404	1.245732000774628,6.131251081718605	1.6128380872834265,7.061430161922087	0.682659007079945,7.428536248430885	
0.30910280413715086,-10.898080839221706	1.5498673741466762,-11.049749167520918	1.7015357024458886,-9.808984597511392	0.46077113243636314,-9.657316269212181	
52.80140511886047,-8.269976878217383	52.61383725595245,-9.252228524591223	53.59608890232629,-9.439796387499245	53.78365676523431,-8.457544741125407	
14.535784987950276,-6.454530947812122	14.557056935235035,-7.454304674341637	15.55683066176455,-7.433032727056879	15.53555871447979,-6.433259000527363	
14.98450803453498,-3.7343124727076358	14.577268848301106,-2.8209909273603397	13.66394730295381,-3.228230113594213	14.071186489187683,-4.141551658941509	
51.225472613262866,-11.866121497359071	52.217470893442616,-11.739870112731353	52.0912195088149,-10.747871832551601	51.099221228635145,-10.87412321717932	
-12.410681711099711,-3.3139464176526783	-12.993852305714316,-2.5015967038121136	-13.806202019554881,-3.084767298426719	-13.223031424940276,-3.897117012267284	
32.95264670909762,-3.4039858322564562	32.33656338860841,-2.6163048421246735	31.548882398476625,-3.2323881626138857	32.16496571896584,-4.020069152745669	
26.087597439561495,-7.439569799710655	26.513885639616092,-8.344157203168281	27.41847304307372,-7.917869003113683	26.99218484301912,-7.013281599656057	
13.241970308111323,-6.406253257848136	14.216945012184146,-6.6285690836863145	14.439260838022324,-5.653594379613491	13.464286133949502,-5.431278553775313	
22.06792843925538,-9.846419515218427	23.046620131385694,-10.051754781928988	23.251955398096257,-9.073063089798671	22.27326370596594,-8.86772782308811	
46.917123930059915,-7.4810166696132026	46.88813071280444,-8.480596277925205	47.887710321116444,-8.509589495180679	47.91670353837192,-7.510009886868676	
29.06068318564419,-11.161745889211886	29.94311399447081,-10.69130368486198	29.472671790120902,-9.80887287603536	28.590240981294286,-10.279315080385267	
-1.0765606883921528,4.006874352761567	-0.18232473893895162,4.454470227078492	-0.6299206132558757,5.348706176531692	-1.524156562709077,4.901110302214769