102.43022217724163,178.02207390509784	129.11676289222353,178.02207390509784	129.11676289222353,204.70861462007974	102.43022217724163,204.70861462007974	
434.5987091546509,170.6082148902338	461.2852498696328,170.6082148902338	461.2852498696328,197.2947556052157	434.5987091546509,197.2947556052157	
475.5150438657538,160.2259859153771	502.2015845807357,160.2259859153771	502.2015845807357,186.912526630359	475.5150438657538,186.912526630359	
512.2915724601605,81.18934507006479	519.5716823494411,81.18934507006479	519.5716823494411,88.46945495934531	512.2915724601605,88.46945495934531	
311.19715527135486,140.76333798379773	362.67530597628985,140.76333798379773	362.67530597628985,192.24148868873272	311.19715527135486,192.24148868873272	
398.42046067853124,111.60682486858406	425.10700139351314,111.60682486858406	425.10700139351314,138.29336558356596	398.42046067853124,138.29336558356596	
421.9779570555464,61.45466224700799	448.6644977705283,61.45466224700799	448.6644977705283,88.14120296198989	421.9779570555464,88.14120296198989	
402.0367228745881,175.9119076449202	428.72326358957,175.9119076449202	428.72326358957,202.5984483599021	402.0367228745881,202.5984483599021	
324.0796871629247,111.68499463605598	328.0796871629247,111.68499463605598	328.0796871629247,115.68499463605598	324.0796871629247,115.68499463605598	
87.23554198530047,84.82054146448358	113.92208270028237,84.82054146448358	113.92208270028237,111.50708217946548	87.23554198530047,111.50708217946548	
134.05875083161905,143.03532814104003	141.8690005075257,143.03532814104003	141.8690005075257,150.84557781694667	134.05875083161905,150.84557781694667	
358.7493506798731,64.14868230569647	385.435891394855,64.14868230569647	385.435891394855,90.83522302067837	358.7493506798731,90.83522302067837	
98.86480779729436,61.253226220887456	112.90047664491256,61.253226220887456	112.90047664491256,75.28889506850565	98.86480779729436,75.28889506850565	
322.38654185461877,89.96729749230091	329.38654185461877,89.96729749230091	329.38654185461877,96.96729749230091	322.38654185461877,96.96729749230091	
391.2848397822234,67.10692708788947	411.3845910244652,67.10692708788947	411.3845910244652,87.20667833013125	391.2848397822234,87.20667833013125	
329.81501297743284,83.27401237941991	356.50155369241475,83.27401237941991	356.50155369241475,109.96055309440182	329.81501297743284,109.96055309440182	
396.3098006858184,142.13327584617167	422.9963414008003,142.13327584617167	422.9963414008003,168.81981656115357	396.3098006858184,168.81981656115357	
424.3264221099847,155.91807023460987	431.60653199926526,155.91807023460987	431.60653199926526,163.19818012389038	424.3264221099847,163.19818012389038	
228.25820481601284,148.9657539876642	233.25820481601284,148.9657539876642	233.25820481601284,153.9657539876642	228.25820481601284,153.9657539876642	
460.44563809920203,86.45077682870507	487.13217881418393,86.45077682870507	487.13217881418393,113.13731754368698	460.44563809920203,113.13731754368698	
475.3185700390444,147.1572138884969	483.1288197149511,147.1572138884969	483.1288197149511,154.96746356440354	475.3185700390444,154.96746356440354	
303.91703042041024,53.31719064926473	330.60357113539214,53.31719064926473	330.60357113539214,80.00373136424663	303.91703042041024,80.00373136424663	
366.9905907437251,133.1999367283696	393.677131458707,133.1999367283696	393.677131458707,159.8864774433515	366.9905907437251,159.8864774433515	
279.58833201666675,175.4087602622064	306.27487273164866,175.4087602622064	306.27487273164866,202.09530097718832	279.58833201666675,202.09530097718832	
183.01125790243975,125.14499564124438	188.11027741603255,125.14499564124438	188.11027741603255,130.24401515483717	183.01125790243975,130.24401515483717	
152.07305675407198,124.59819828304856	178.7595974690539,124.59819828304856	178.7595974690539,151.28473899803046	152.07305675407198,151.28473899803046	
430.6645780416218,213.12864027142993	440.0985591736784,213.12864027142993	440.0985591736784,222.56262140348653	430.6645780416218,222.56262140348653	
267.94186084557066,103.78729752527381	294.62840156055256,103.78729752527381	294.62840156055256,130.47383824025573	267.94186084557066,130.47383824025573	
530.8824241600297,165.47332904937554	536.8824241600297,165.47332904937554	536.8824241600297,171.47332904937554	530.8824241600297,171.47332904937554	
481.4643823213099,65.96184795843476	489.9496636955485,65.96184795843476	489.9496636955485,74.44712933267333	481.4643823213099,74.44712933267333	
440.53339206825467,140.78185734872537	467.2199327832366,140.78185734872537	467.2199327832366,167.46839806370727	440.53339206825467,167.46839806370727	
504.233161590461,152.47692128294955	525.233161590461,152.47692128294955	525.233161590461,173.47692128294955	504.233161590461,173.47692128294955	
421.37359217991207,216.5638677935917	429.97591744695467,216.5638677935917	429.97591744695467,225.16619306063433	421.37359217991207,225.16619306063433	
10.52758820413817,272.74295659299923	16.52758820413817,272.74295659299923	16.52758820413817,278.74295659299923	10.52758820413817,278.74295659299923	
334.9712333412016,71.84601282660688	341.0539958714998,71.84601282660688	341.0539958714998,77.9287753569051	334.9712333412016,77.9287753569051	
469.4866167867798,206.95509120033702	473.60972241239745,206.95509120033702	473.60972241239745,211.07819682595468	469.4866167867798,211.07819682595468	
195.0369105942857,112.40227010507589	221.7234513092676,112.40227010507589	221.7234513092676,139.0888108200578	195.0369105942857,139.0888108200578	
517.2943558470719,109.66605959907223	521.4174614726895,109.66605959907223	521.4174614726895,113.78916522468988	517.2943558470719,113.78916522468988	
60.334872029148386,0.170540871188944	71.99677581883898,0.170540871188944	71.99677581883898,11.832444660879545	60.334872029148386,11.832444660879545	
86.40066648344418,123.90238809333047	113.08720719842609,123.90238809333047	113.08720719842609,150.58892880831237	86.40066648344418,150.58892880831237	
351.41144729130986,199.82461715167977	378.09798800629176,199.82461715167977	378.09798800629176,226.51115786666168	351.41144729130986,226.51115786666168	
75.64111132233016,125.1034576102652	79.64111132233016,125.1034576102652	79.64111132233016,129.1034576102652	75.64111132233016,129.1034576102652	
467.460093509544,175.21286440391142	472.5591130231367,175.21286440391142	472.5591130231367,180.31188391750422	467.460093509544,180.31188391750422	
119.13992999122166,256.6558950344673	125.84813392372104,256.6558950344673	125.84813392372104,263.36409896696665	119.13992999122166,263.36409896696665	
497.5513845506589,75.68691688860056	503.5513845506589,75.68691688860056	503.5513845506589,81.68691688860056	497.5513845506589,81.68691688860056	
495.74958234263113,119.02421598932051	522.436123057613,119.02421598932051	522.436123057613,145.7107567043024	495.74958234263113,145.7107567043024	
75.70018948836037,172.66820651609189	102.38673020334227,172.66820651609189	102.38673020334227,199.3547472310738	75.70018948836037,199.3547472310738	
228.36310873176183,115.77307273952991	255.04964944674373,115.77307273952991	255.04964944674373,142.4596134545118	228.36310873176183,142.4596134545118	
145.75913321019692,98.54491033756965	152.75913321019692,98.54491033756965	152.75913321019692,105.54491033756965	145.75913321019692,105.54491033756965	
264.8507846067168,144.50778898546486	291.5373253216987,144.50778898546486	291.5373253216987,171.19432970044676	264.8507846067168,171.19432970044676	
212.93678404837306,140.24745164204796	223.23241418936004,140.24745164204796	223.23241418936004,150.54308178303495	212.93678404837306,150.54308178303495	
364.6256646222589,175.0160616491063	371.3338685547583,175.0160616491063	371.3338685547583,181.72426558160566	364.6256646222589,181.72426558160566	
54.908431999127686,273.5804634539748	65.20406214011469,273.5804634539748	65.20406214011469,283.8760935949618	54.908431999127686,283.8760935949618	
402.1503625767879,223.35218891402116	408.1503625767879,223.35218891402116	408.1503625767879,229.35218891402116	402.1503625767879,229.35218891402116	
406.9437280019152,96.65847347209733	414.75397767782187,96.65847347209733	414.75397767782187,104.46872314800399	406.9437280019152,104.46872314800399	
367.5583353916691,40.9676663841217	373.64109792196734,40.9676663841217	373.64109792196734,47.05042891441992	367.5583353916691,47.05042891441992	
446.39196585770856,113.71914214454583	473.07850657269046,113.71914214454583	473.07850657269046,140.40568285952773	446.39196585770856,140.40568285952773	
402.9266786147275,51.50042700281225	414.5885824044181,51.50042700281225	414.5885824044181,63.16233079250286	402.9266786147275,63.16233079250286	
496.9193639649503,199.66607567796277	502.0183834785431,199.66607567796277	502.0183834785431,204.76509519155556	496.9193639649503,204.76509519155556	
89.55897178959862,3.777104658012714	95.64173431989684,3.777104658012714	95.64173431989684,9.859867188310933	89.55897178959862,9.859867188310933	
145.67731462837304,147.5379545964663	150.67731462837304,147.5379545964663	150.67731462837304,152.5379545964663	145.67731462837304,152.5379545964663	
119.07219276262853,101.82341718376036	145.75873347761043,101.82341718376036	145.75873347761043,128.50995789874227	119.07219276262853,128.50995789874227	
487.3502264342368,127.47655230843924	493.3502264342368,127.47655230843924	493.3502264342368,133.47655230843924	487.3502264342368,133.47655230843924	
9.51385171166838,6.191412813527169	15.596614241966599,6.191412813527169	15.596614241966599,12.274175343825387	9.51385171166838,12.274175343825387	
346.6658779576478,221.0205564674015	350.7889835832655,221.0205564674015	350.7889835832655,225.14366209301917	346.6658779576478,225.14366209301917	
75.15616162857295,81.79063970394641	82.96641130447959,81.79063970394641	82.96641130447959,89.60088937985307	75.15616162857295,89.60088937985307	
114.80495981862212,265.35210256253856	121.12951513895888,265.35210256253856	121.12951513895888,271.6766578828753	114.80495981862212,271.6766578828753	
396.7218770557093,209.79478958395515	408.3837808453999,209.79478958395515	408.3837808453999,221.45669337364575	396.7218770557093,221.45669337364575	
342.74402820998887,201.069598415401	348.74402820998887,201.069598415401	348.74402820998887,207.069598415401	342.74402820998887,207.069598415401	
330.70459960313366,43.57986278356024	357.39114031811556,43.57986278356024	357.39114031811556,70.26640349854215	330.70459960313366,70.26640349854215	
440.5808704838248,201.92752552363785	446.90542580416155,201.92752552363785	446.90542580416155,208.25208084397462	440.5808704838248,208.25208084397462	
167.6237484899113,153.1089729761946	175.43399816581794,153.1089729761946	175.43399816581794,160.91922265210124	167.6237484899113,160.91922265210124	
-26.7675849656046,5.608432899970095	-22.7675849656046,5.608432899970095	-22.7675849656046,9.608432899970095	-26.7675849656046,9.608432899970095