0.6041771322245637,3.084052223011814	3.6041771322245637,3.084052223011814	3.6041771322245637,6.084052223011814	0.6041771322245637,6.084052223011814	
-20.872528232474547,1.3217096779760507	-17.872528232474547,1.3217096779760507	-17.872528232474547,4.321709677976051	-20.872528232474547,4.321709677976051	
3.045786577906185,7.155317400929186	4.795786577906185,7.155317400929186	4.795786577906185,8.905317400929185	3.045786577906185,8.905317400929185	
-16.051471167521235,-0.6639535355875384	-14.301471167521235,-0.6639535355875384	-14.301471167521235,1.0860464644124614	-16.051471167521235,1.0860464644124614	
-8.78437090566661,3.5769762622722165	-7.034370905666609,3.5769762622722165	-7.034370905666609,5.3269762622722165	-8.78437090566661,5.3269762622722165	
-1.99446894831933,3.430274436172712	-0.24446894831933008,3.430274436172712	-0.24446894831933008,5.180274436172712	-1.99446894831933,5.180274436172712	
-4.814377570446471,2.995242188378721	-3.064377570446471,2.995242188378721	-3.064377570446471,4.745242188378721	-4.814377570446471,4.745242188378721	
-15.426231058425616,3.9364036224066536	-13.676231058425616,3.9364036224066536	-13.676231058425616,5.686403622406654	-15.426231058425616,5.686403622406654	
5.107550936950322,2.673082523993111	6.857550936950322,2.673082523993111	6.857550936950322,4.423082523993111	5.107550936950322,4.423082523993111	
0.29328167421055795,0.95285725861486	2.043281674210558,0.95285725861486	2.043281674210558,2.70285725861486	0.29328167421055795,2.70285725861486	
-14.852517104295103,2.050561858046576	-13.102517104295103,2.050561858046576	-13.102517104295103,3.800561858046576	-14.852517104295103,3.800561858046576	
5.229617553357659,4.424340002805188	6.979617553357659,4.424340002805188	6.979617553357659,6.174340002805188	5.229617553357659,6.174340002805188	
-14.44214660354119,6.751483867589147	-12.69214660354119,6.751483867589147	-12.69214660354119,8.501483867589148	-14.44214660354119,8.501483867589148	
-18.763460571103426,-0.5061017342030038	-17.013460571103426,-0.5061017342030038	-17.013460571103426,1.2438982657969966	-18.763460571103426,1.2438982657969966	
-17.937954189766526,7.438112438893213	-16.187954189766526,7.438112438893213	-16.187954189766526,9.188112438893214	-17.937954189766526,9.188112438893214	
-12.970470465080874,1.788600197609521	-11.220470465080874,1.788600197609521	-11.220470465080874,3.538600197609521	-12.970470465080874,3.538600197609521	
-11.016829195438625,3.0145367991325456	-9.266829195438625,3.0145367991325456	-9.266829195438625,4.764536799132546	-11.016829195438625,4.764536799132546	
-13.061147110333486,3.923765544943781	-11.311147110333486,3.923765544943781	-11.311147110333486,5.673765544943781	-13.061147110333486,5.673765544943781	
-18.268467729844463,5.026306254790883	-16.518467729844463,5.026306254790883	-16.518467729844463,6.776306254790883	-18.268467729844463,6.776306254790883	
-17.412943130501592,1.8972755242362465	-15.662943130501592,1.8972755242362465	-15.662943130501592,3.6472755242362465	-17.412943130501592,3.6472755242362465	
-21.036183064044,4.741936450878109	-19.286183064044,4.741936450878109	-19.286183064044,6.491936450878109	-21.036183064044,6.491936450878109	
-6.9447878213670435,3.6467838573607283	-5.1947878213670435,3.6467838573607283	-5.1947878213670435,5.396783857360728	-6.9447878213670435,5.396783857360728	
5.793242404458468,0.6376164585325235	7.543242404458468,0.6376164585325235	7.543242404458468,2.3876164585325235	5.793242404458468,2.3876164585325235