-3.178222899248535,-7.135936064720171	-2.1988476625334625,-6.933886205256483	-2.4008975219971505,-5.954510968541411	-3.3802727587122225,-6.156560828005098	
-3.2821532679781473,-5.923396431993709	-2.3708712927678888,-5.511613526014248	-2.782654198747349,-4.60033155080399	-3.6939361739576078,-5.01211445678345	
-4.089227580381165,-1.4215568223059991	-5.03787443157547,-1.1052197367167034	-5.3542115171647655,-2.053866587911009	-4.405564665970461,-2.3702036735003045	
-4.568143425636534,-4.457839944398063	-3.6873466163622193,-4.931334380238851	-3.213852180521431,-4.0505375709645355	-4.094648989795746,-3.577043135123748	
-6.47424337508289,-0.4814738513204153	-6.844110671194253,-1.4105584455674998	-5.915026076947168,-1.7804257416788627	-5.545158780835806,-0.8513411474317784	
-4.716649115780787,-2.6841634334322597	-4.282201983906777,-3.584860768615642	-3.381504648723395,-3.150413636741634	-3.815951780597404,-2.24971630155825	
-1.4235250380587186,0.4842864098986617	-2.001447377010906,-0.1726997163932361	-1.344461250719008,-0.750622055345423	-0.7665389117668208,-0.09363592905352547	
-5.156748689538246,-0.07660198502559368	-5.060743154874856,-1.0719827851789803	-4.065362354721469,-0.9759772505155896	-4.161367889384859,0.019403549637797612	
-3.0447488519178636,1.0847012900354418	-3.6249283184181778,0.42970755979719677	-2.9699345881799326,-0.15047190670311728	-2.3897551216796185,0.5045218235351276	
-8.037099166312176,-5.4664567606314485	-8.827746060406643,-5.8412933768508015	-8.452909444187288,-6.631940270945267	-7.662262550092823,-6.257103654725914	
-6.705872941186071,-5.113365032774027	-6.412205344752138,-5.937612776358877	-5.587957601167288,-5.643945179924944	-5.88162519760122,-4.819697436340094